2 0.566138 0.517196 0.164021 0.214286
2 0.723104 0.449735 0.241623 0.224868
2 0.785273 0.276455 0.018519 0.023810
2 0.883157 0.383598 0.029101 0.050265
2 0.904762 0.295635 0.051146 0.051587
2 0.626984 0.083333 0.031746 0.058201
2 0.689153 0.117725 0.030864 0.037037
2 0.727513 0.077381 0.024691 0.025132
2 0.558642 0.150132 0.030864 0.030423
2 0.452822 0.143519 0.025573 0.027778
2 0.415785 0.171958 0.032628 0.037037
2 0.910935 0.347884 0.028219 0.044974
3 0.545414 0.246693 0.681658 0.493386
3 0.616402 0.611772 0.714286 0.776455