3 0.437094 0.462677 0.567370 0.776036
0 0.373377 0.617603 0.100649 0.161968
0 0.453328 0.323244 0.052760 0.060562
0 0.585633 0.488733 0.070617 0.140841
0 0.502435 0.693657 0.058442 0.060562
0 0.506088 0.634504 0.047890 0.071829
0 0.532062 0.457043 0.047890 0.097181
0 0.278409 0.625349 0.056818 0.092955
0 0.359172 0.741543 0.054383 0.085913
0 0.470779 0.778162 0.055195 0.057745
0 0.605114 0.723234 0.070617 0.091547
0 0.478084 0.489437 0.019481 0.046478
0 0.346185 0.409157 0.025162 0.026760
0 0.375812 0.348595 0.034091 0.035210
0 0.421266 0.485916 0.014610 0.036619
0 0.450893 0.520422 0.031656 0.074646
0 0.442370 0.597181 0.025974 0.067604
0 0.458198 0.632391 0.025162 0.056337
0 0.480519 0.438734 0.021104 0.038027
0 0.473214 0.390848 0.027597 0.043661
0 0.589286 0.593660 0.021104 0.043661
0 0.550325 0.641546 0.019481 0.032394
0 0.557630 0.795063 0.025974 0.021126
0 0.395698 0.445072 0.026786 0.059153