3 0.648133 0.488433 0.703734 0.976866
3 0.602679 0.694921 0.794642 0.610158
3 0.197240 0.491332 0.391234 0.982664
2 0.743506 0.318820 0.129870 0.229012
2 0.588880 0.711619 0.103084 0.173933
2 0.519075 0.560152 0.171266 0.297136
2 0.724838 0.753653 0.173701 0.434833
2 0.859172 0.848591 0.153409 0.247855
2 0.952922 0.515944 0.094156 0.162338
2 0.929383 0.750754 0.141234 0.397147
2 0.952922 0.329690 0.094156 0.114506
2 0.879058 0.431151 0.120130 0.163787
2 0.812094 0.161555 0.211851 0.175383
2 0.541396 0.094156 0.176948 0.162338
2 0.357549 0.484781 0.114448 0.236259
2 0.232549 0.174600 0.086851 0.146394
2 0.073864 0.750754 0.100649 0.113057
0 0.114854 0.884827 0.088474 0.111607