1 0.306556 0.423942 0.104230 0.125661
3 0.501791 0.498677 0.996418 0.994709
1 0.459810 0.330026 0.090981 0.144180
1 0.474384 0.619048 0.093630 0.116402
1 0.492934 0.174603 0.107763 0.121693
1 0.788841 0.357143 0.125430 0.240741
1 0.738051 0.599206 0.071548 0.113757
1 0.812690 0.775794 0.097164 0.115079
1 0.949161 0.635582 0.066248 0.099206
1 0.856880 0.940476 0.286240 0.119048
1 0.158160 0.630952 0.081264 0.092593
1 0.163902 0.295635 0.064481 0.136243
1 0.079105 0.330026 0.073314 0.152116
1 0.176268 0.925265 0.087447 0.125661
1 0.061880 0.937831 0.098930 0.124338