4 0.156746 0.277778 0.142857 0.272487
4 0.366567 0.250661 0.201389 0.199735
4 0.611111 0.248677 0.186508 0.182540
4 0.833829 0.273148 0.145833 0.302910
4 0.837302 0.606481 0.144841 0.252646
4 0.355159 0.556217 0.178571 0.205026
4 0.579365 0.582011 0.206349 0.201058
4 0.150794 0.590608 0.140873 0.226190
3 0.154762 0.271164 0.162698 0.293651
3 0.371032 0.248016 0.222222 0.223545
3 0.609623 0.255291 0.207341 0.214286
3 0.835317 0.274471 0.170635 0.329365
3 0.149802 0.592593 0.164683 0.259259
3 0.355655 0.553571 0.197421 0.231481
3 0.580357 0.577381 0.228175 0.234127
3 0.836806 0.605820 0.163690 0.285714