3 0.424162 0.384921 0.846561 0.769841
3 0.500000 0.493386 1.000000 0.986772
2 0.425044 0.317460 0.112875 0.148148
2 0.545414 0.195106 0.170194 0.223545
2 0.276896 0.236111 0.126984 0.133598
2 0.240741 0.412037 0.070547 0.075397
2 0.685185 0.958995 0.137566 0.082010
2 0.915785 0.931878 0.168430 0.136243
2 0.905644 0.771825 0.061728 0.054233
2 0.596120 0.804894 0.245150 0.128307
2 0.809083 0.312831 0.052028 0.096561
2 0.928571 0.272487 0.142857 0.301587
2 0.503086 0.521825 0.524691 0.464286
2 0.867725 0.504630 0.031746 0.038360
2 0.241182 0.901455 0.119048 0.117725
2 0.179453 0.791005 0.082011 0.108466
2 0.029101 0.630291 0.058201 0.141534