3 0.648945 0.456673 0.411526 0.673018
3 0.394075 0.711582 0.442370 0.486711
0 0.613231 0.266032 0.081981 0.199306
0 0.664773 0.366407 0.043831 0.189196
0 0.524351 0.238592 0.074675 0.147313
0 0.361607 0.638648 0.176136 0.158867
0 0.507305 0.824955 0.092532 0.233968
0 0.389205 0.850230 0.065747 0.157423
0 0.329951 0.770796 0.052760 0.059214
0 0.257305 0.733246 0.061688 0.192085
0 0.235390 0.639370 0.043831 0.056326
0 0.547890 0.440064 0.030844 0.140092
0 0.616071 0.455951 0.030844 0.096764
0 0.641640 0.545494 0.067370 0.171865