3 0.367725 0.324735 0.727513 0.625661
3 0.697090 0.590608 0.605820 0.400794
0 0.271825 0.566138 0.099206 0.087302
0 0.831349 0.593915 0.059524 0.052910
0 0.463624 0.643519 0.059524 0.067460
0 0.520503 0.304233 0.099206 0.071429
0 0.426587 0.348545 0.054233 0.056878
0 0.865079 0.459656 0.039683 0.035714
0 0.692460 0.537698 0.041005 0.019841
0 0.612434 0.593915 0.087302 0.021164
0 0.747354 0.514550 0.055556 0.026455
0 0.776455 0.447751 0.034392 0.019841
0 0.828704 0.422619 0.048942 0.035714
0 0.882275 0.402778 0.047619 0.022487
0 0.961640 0.527116 0.055556 0.099206
0 0.623677 0.224868 0.043651 0.079365