0 0.520503 0.310185 0.091270 0.064815
0 0.267857 0.560185 0.096561 0.072751
0 0.426587 0.346561 0.048942 0.055556
0 0.629630 0.244048 0.058201 0.078042
0 0.783069 0.578704 0.023810 0.033069
0 0.834656 0.585979 0.042328 0.037037
0 0.859788 0.458333 0.034392 0.027778
0 0.775794 0.444444 0.043651 0.023810
0 0.827381 0.421296 0.043651 0.027778
0 0.885582 0.404101 0.054233 0.019841
0 0.750000 0.518519 0.044974 0.026455
0 0.699074 0.531746 0.051587 0.031746
0 0.626323 0.589286 0.096561 0.019841
0 0.468254 0.651455 0.058201 0.041005
0 0.499339 0.613095 0.038360 0.027778
3 0.365079 0.330026 0.714286 0.607143
3 0.697751 0.580688 0.604497 0.383598