1 0.281746 0.209656 0.373016 0.419312
1 0.826389 0.154762 0.347222 0.309524
3 0.534722 0.316799 0.815476 0.485450
3 0.496032 0.525132 0.980159 0.343915
3 0.550595 0.601852 0.831349 0.402116
3 0.621032 0.687831 0.638889 0.436508
3 0.641865 0.805556 0.581349 0.383598
0 0.414683 0.217593 0.039683 0.038360
0 0.311508 0.238095 0.071429 0.068783
0 0.556548 0.211640 0.113095 0.058201
0 0.485119 0.221561 0.121032 0.091270
0 0.455357 0.262566 0.073413 0.059524
0 0.620040 0.255291 0.140873 0.034392
0 0.745040 0.179233 0.045635 0.043651
0 0.700397 0.168651 0.035714 0.019841
0 0.676587 0.199074 0.047619 0.022487
0 0.253968 0.397487 0.079365 0.038360
0 0.241071 0.441799 0.061508 0.031746
0 0.226190 0.503968 0.039683 0.018519
0 0.175595 0.466270 0.045635 0.041005
0 0.339286 0.441138 0.063492 0.030423
0 0.293651 0.456349 0.031746 0.047619
0 0.344246 0.365741 0.049603 0.019841
0 0.354167 0.332011 0.073413 0.029101
0 0.548611 0.332672 0.041667 0.019841
0 0.522817 0.544312 0.097222 0.075397
0 0.578373 0.521164 0.053571 0.055556
0 0.473214 0.501984 0.061508 0.043651
0 0.365079 0.526455 0.119048 0.026455
0 0.732143 0.403439 0.071429 0.029101
0 0.112103 0.647487 0.045635 0.022487
0 0.091270 0.601190 0.039683 0.022487
0 0.218254 0.755291 0.067460 0.021164
0 0.255952 0.736111 0.059524 0.019841
0 0.176587 0.732143 0.031746 0.033069
0 0.509921 0.941138 0.079365 0.038360
0 0.558532 0.908069 0.065476 0.038360
0 0.687500 0.857804 0.061508 0.033069
0 0.751984 0.807540 0.071429 0.035714
0 0.847222 0.746032 0.099206 0.082011
0 0.904762 0.692460 0.047619 0.056878
0 0.725198 0.559524 0.069444 0.026455
0 0.770833 0.520503 0.069444 0.038360
0 0.476190 0.803571 0.063492 0.035714
0 0.591270 0.856481 0.091270 0.046296
0 0.666667 0.815476 0.047619 0.022487
0 0.514881 0.875000 0.053571 0.022487
0 0.565476 0.771825 0.087302 0.041005
0 0.709325 0.667328 0.057540 0.033069
0 0.828373 0.598545 0.069444 0.041005
0 0.553571 0.645503 0.043651 0.029101
0 0.328373 0.693783 0.069444 0.035714
0 0.464286 0.366402 0.091270 0.071429
0 0.554563 0.302910 0.117063 0.034392
0 0.405754 0.300926 0.049603 0.043651
0 0.559524 0.154762 0.031746 0.021164
0 0.465278 0.163360 0.093254 0.019841
0 0.846230 0.197751 0.069444 0.035714
0 0.704365 0.099868 0.075397 0.019841
0 0.804563 0.377646 0.065476 0.027778
0 0.859127 0.447090 0.047619 0.084656