3 0.090829 0.491402 0.119929 0.167989
3 0.239859 0.498016 0.118166 0.167989
3 0.377866 0.491402 0.111993 0.165344
3 0.516755 0.498677 0.104056 0.177249
3 0.652557 0.491402 0.116402 0.167989
3 0.788801 0.493386 0.111993 0.166667
3 0.921517 0.494709 0.118166 0.177249
4 0.649030 0.495370 0.112875 0.162698
4 0.787919 0.500000 0.119048 0.179894
4 0.921517 0.494709 0.105820 0.174603
4 0.513668 0.504630 0.111993 0.154762
4 0.409612 0.433862 0.048501 0.044974
4 0.411376 0.550265 0.050265 0.050265
4 0.254409 0.439815 0.090829 0.048942
4 0.281746 0.505291 0.027337 0.116402