0 0.558201 0.417328 0.116402 0.117725
0 0.279982 0.464947 0.059083 0.104497
0 0.271164 0.359127 0.073192 0.075397
0 0.211640 0.406746 0.021164 0.051587
0 0.394621 0.443783 0.087302 0.205026
0 0.492504 0.666005 0.048501 0.075397
0 0.519841 0.579365 0.071429 0.108466
0 0.802910 0.441138 0.108466 0.138889
0 0.653880 0.578042 0.050265 0.074074
0 0.716931 0.608466 0.086420 0.134921
0 0.789683 0.685185 0.053792 0.095238
0 0.815256 0.548280 0.046737 0.070106
0 0.686067 0.391534 0.091711 0.140212
0 0.639330 0.279101 0.102293 0.103175
0 0.450617 0.293651 0.077601 0.097884
0 0.528219 0.270503 0.107584 0.112434
0 0.329806 0.630952 0.084656 0.134921
0 0.231481 0.493386 0.108466 0.193122
0 0.254409 0.687169 0.076720 0.070106
0 0.617284 0.687169 0.051146 0.062169
0 0.497795 0.489418 0.078483 0.150794
0 0.453263 0.413360 0.045855 0.054233
0 0.392416 0.610450 0.038801 0.075397
0 0.581129 0.544312 0.038801 0.101852
3 0.492945 0.454365 0.834215 0.665344