3 0.343915 0.094577 0.241623 0.178571
3 0.577601 0.091931 0.211640 0.183862
3 0.333333 0.383598 0.280423 0.150794
3 0.345679 0.566799 0.379189 0.263228
3 0.365079 0.662698 0.350970 0.071429
3 0.656085 0.279101 0.354497 0.216931
3 0.671958 0.368386 0.439153 0.292328
3 0.336861 0.699735 0.636684 0.338624
0 0.373898 0.078704 0.089947 0.064815
0 0.562610 0.094577 0.079365 0.035714
0 0.657848 0.269180 0.118166 0.128307
0 0.353616 0.550926 0.176367 0.085979
0 0.370370 0.406746 0.086420 0.072751
0 0.222222 0.729497 0.185185 0.115079
0 0.117284 0.769841 0.056437 0.082011
0 0.310406 0.740079 0.044092 0.054233
0 0.611993 0.371032 0.044092 0.025132
0 0.570547 0.382275 0.045855 0.034392
0 0.386243 0.627646 0.223986 0.048942