3 0.451720 0.626984 0.633598 0.195767
3 0.382275 0.698413 0.576720 0.208995
3 0.305556 0.771164 0.502646 0.235450
3 0.215608 0.849206 0.391534 0.216931
3 0.557540 0.368386 0.771164 0.538360
0 0.712302 0.508598 0.096561 0.064815
0 0.494709 0.552249 0.082011 0.083333
0 0.330688 0.517857 0.055556 0.064815
0 0.190476 0.706349 0.050265 0.039683
0 0.169974 0.681878 0.056878 0.038360
0 0.089947 0.800926 0.039683 0.033069
0 0.061508 0.792989 0.038360 0.030423
0 0.361111 0.814153 0.039683 0.041005
0 0.478836 0.819444 0.031746 0.030423
0 0.588624 0.746693 0.148148 0.048942
0 0.633598 0.672619 0.084656 0.038360
0 0.703704 0.643519 0.071429 0.027778
0 0.728175 0.595238 0.035714 0.037037
0 0.657407 0.564815 0.042328 0.034392
0 0.412037 0.562831 0.080688 0.033069
0 0.351190 0.433862 0.051587 0.042328
0 0.316799 0.452381 0.064815 0.029101
0 0.386905 0.406085 0.030423 0.010582
0 0.277778 0.467593 0.044974 0.027778
0 0.765212 0.581349 0.048942 0.064815
0 0.232804 0.511905 0.023810 0.026455
0 0.202381 0.546958 0.029101 0.014550
0 0.248677 0.710317 0.052910 0.047619
0 0.334656 0.735450 0.058201 0.042328
0 0.412037 0.769841 0.107143 0.058201
0 0.188492 0.814815 0.062169 0.023810
0 0.309524 0.919312 0.055556 0.044974
0 0.361772 0.924603 0.062169 0.034392
0 0.428571 0.699735 0.047619 0.034392
0 0.430556 0.634921 0.056878 0.044974