0 0.708995 0.502646 0.108466 0.074074
0 0.654101 0.564815 0.033069 0.031746
0 0.717593 0.604497 0.030423 0.050265
0 0.761905 0.595238 0.042328 0.066138
0 0.478175 0.535714 0.083333 0.055556
0 0.360450 0.442460 0.027778 0.038360
0 0.623016 0.671958 0.095238 0.042328
0 0.583333 0.743386 0.145503 0.050265
0 0.191138 0.710979 0.059524 0.038360
0 0.169974 0.683862 0.048942 0.034392
0 0.238095 0.707011 0.055556 0.038360
0 0.358466 0.816138 0.047619 0.050265
0 0.087302 0.798280 0.029101 0.041005
0 0.060847 0.791667 0.034392 0.043651
0 0.132937 0.798280 0.054233 0.054233
0 0.313492 0.754630 0.042328 0.030423
0 0.330688 0.732804 0.050265 0.034392
0 0.391534 0.780423 0.044974 0.047619
0 0.443122 0.638228 0.084656 0.075397
0 0.440476 0.697751 0.055556 0.035714
0 0.332011 0.510582 0.039683 0.039683
0 0.304233 0.488095 0.018519 0.026455
0 0.283069 0.457672 0.060847 0.044974
0 0.388228 0.406746 0.035714 0.027778
0 0.394841 0.562831 0.054233 0.041005
0 0.523810 0.578042 0.060847 0.047619
0 0.563492 0.520503 0.029101 0.038360
0 0.510582 0.446429 0.082011 0.067460
0 0.700397 0.638889 0.080688 0.034392
0 0.503968 0.620370 0.034392 0.018519
0 0.235450 0.556217 0.082011 0.043651
0 0.183201 0.628968 0.051587 0.041005
0 0.488757 0.816799 0.048942 0.030423
0 0.441799 0.787698 0.026455 0.025132
0 0.498677 0.853836 0.039683 0.022487
0 0.279762 0.900132 0.025132 0.038360
3 0.557540 0.373016 0.779101 0.539683
3 0.442460 0.618386 0.649471 0.194444
3 0.372354 0.689153 0.599206 0.219577
3 0.300926 0.769180 0.503968 0.236772
3 0.217593 0.854497 0.398148 0.206349