2 0.160053 0.164683 0.082011 0.091270
2 0.385582 0.100529 0.062169 0.063492
2 0.296958 0.218915 0.104497 0.091270
2 0.880952 0.150132 0.201058 0.247354
2 0.675265 0.343915 0.220899 0.214286
2 0.613095 0.796958 0.146825 0.186508
2 0.114418 0.770503 0.191799 0.120370
2 0.139550 0.350529 0.099206 0.097884
3 0.214947 0.348545 0.085979 0.062169
3 0.325397 0.345238 0.058201 0.097884
3 0.277778 0.388228 0.042328 0.038360
3 0.228836 0.252646 0.108466 0.113757
3 0.109788 0.238757 0.050265 0.072751
3 0.154101 0.291667 0.075397 0.059524
3 0.134259 0.091931 0.059524 0.038360
3 0.250661 0.116402 0.059524 0.055556
3 0.417989 0.304894 0.037037 0.038360
3 0.369048 0.236111 0.087302 0.091270
3 0.301587 0.165344 0.111111 0.055556
3 0.203042 0.388228 0.056878 0.033069
3 0.074074 0.372354 0.021164 0.035714
3 0.653439 0.105820 0.068783 0.037037
3 0.593254 0.150794 0.035714 0.042328
3 0.570106 0.248677 0.060847 0.055556
3 0.668651 0.142857 0.054233 0.023810
3 0.705688 0.232804 0.101852 0.060847
3 0.777116 0.173942 0.104497 0.072751
3 0.809524 0.263228 0.153439 0.121693
3 0.798942 0.393519 0.044974 0.038360
3 0.761243 0.365079 0.033069 0.029101
3 0.844577 0.346561 0.088624 0.044974
3 0.183862 0.645503 0.031746 0.026455
3 0.287698 0.679233 0.030423 0.030423
3 0.265212 0.650794 0.101852 0.044974
3 0.204365 0.684524 0.093915 0.048942
3 0.392857 0.677910 0.050265 0.041005
3 0.320767 0.664683 0.038360 0.025132
3 0.412037 0.711640 0.038360 0.042328
3 0.341931 0.720238 0.043651 0.048942
3 0.365079 0.775794 0.063492 0.046296
3 0.229497 0.753307 0.054233 0.064815
3 0.272487 0.824735 0.071429 0.056878
3 0.287037 0.732143 0.060847 0.075397
3 0.394841 0.819444 0.051587 0.030423
3 0.444444 0.804233 0.044974 0.026455
3 0.423280 0.784392 0.042328 0.023810
3 0.447090 0.697090 0.034392 0.037037
3 0.098545 0.665344 0.048942 0.029101
3 0.146825 0.646825 0.039683 0.026455
3 0.071429 0.702381 0.029101 0.023810
3 0.153439 0.707011 0.037037 0.033069
3 0.120370 0.646164 0.039683 0.025132
3 0.636243 0.589286 0.026455 0.022487
3 0.688492 0.568783 0.027778 0.021164
3 0.784392 0.559524 0.044974 0.029101
3 0.588624 0.655423 0.044974 0.041005
3 0.858466 0.855159 0.066138 0.041005
3 0.775794 0.890873 0.048942 0.017196
3 0.772487 0.823413 0.023810 0.022487
3 0.779101 0.777778 0.031746 0.031746
3 0.689153 0.807540 0.052910 0.043651
3 0.882937 0.778439 0.038360 0.046296
3 0.679233 0.626323 0.064815 0.054233
3 0.773810 0.601190 0.087302 0.054233
3 0.753307 0.707672 0.210317 0.126984