3 0.315180 0.453704 0.630359 0.907407
3 0.109765 0.635582 0.219530 0.503968
3 0.544441 0.102513 0.290346 0.189153
3 0.580981 0.284392 0.304172 0.156085
3 0.548391 0.449074 0.242942 0.181217
3 0.797259 0.584656 0.282445 0.190476
3 0.794296 0.793651 0.225166 0.171958
0 0.593819 0.082011 0.053329 0.068783
0 0.571105 0.140212 0.079006 0.058201
0 0.529627 0.041667 0.027652 0.022487
0 0.544441 0.068122 0.041478 0.027778
0 0.486174 0.078042 0.039503 0.042328
0 0.481236 0.129630 0.053329 0.063492
0 0.524689 0.252646 0.049379 0.050265
0 0.570118 0.250661 0.053329 0.038360
0 0.632334 0.247354 0.059254 0.042328
0 0.685663 0.242063 0.063205 0.037037
0 0.581968 0.298942 0.065180 0.047619
0 0.547403 0.314153 0.043453 0.022487
0 0.679738 0.302910 0.051354 0.047619
0 0.563205 0.427249 0.090856 0.052910
0 0.520739 0.476190 0.061229 0.023810
0 0.518764 0.505291 0.088881 0.034392
0 0.580981 0.488757 0.035553 0.025132
0 0.779482 0.535714 0.033577 0.026455
0 0.811085 0.575397 0.116533 0.058201
0 0.819973 0.628307 0.031602 0.037037
0 0.788371 0.629630 0.035553 0.029101
0 0.783433 0.795635 0.049379 0.064815
0 0.820960 0.751323 0.041478 0.013228
0 0.102009 0.147487 0.057279 0.041005
0 0.491572 0.386432 0.040443 0.022046
0 0.513674 0.379819 0.022573 0.007559
0 0.475582 0.419816 0.023514 0.015747
0 0.524491 0.458239 0.031038 0.017007
0 0.607258 0.409738 0.040443 0.033384
0 0.613372 0.475246 0.031978 0.059839
0 0.632653 0.479970 0.019751 0.011338
0 0.651934 0.469577 0.013168 0.008188
0 0.692378 0.531620 0.031978 0.023936
0 0.682502 0.566893 0.015989 0.017637
0 0.718713 0.565319 0.031978 0.024565
0 0.722945 0.583585 0.019751 0.027085
0 0.753043 0.623583 0.034800 0.030234
0 0.822643 0.525636 0.038562 0.024565
0 0.738935 0.517763 0.034800 0.018896
0 0.672156 0.280612 0.034800 0.018267
0 0.631242 0.121252 0.033860 0.033384
0 0.644880 0.070232 0.031038 0.049761
0 0.579042 0.037793 0.046087 0.046611
0 0.845686 0.818216 0.037622 0.018896
0 0.881427 0.786092 0.020692 0.031494
0 0.868730 0.764046 0.027276 0.022676
0 0.843805 0.735072 0.024454 0.015117
0 0.823113 0.732237 0.022573 0.015747
0 0.820762 0.778849 0.042324 0.014487
0 0.859324 0.840262 0.025395 0.013857
0 0.824524 0.846246 0.044206 0.023306
0 0.755394 0.842782 0.026335 0.018896
0 0.789254 0.863253 0.048908 0.019526
0 0.862146 0.806248 0.019751 0.015117
0 0.848508 0.798060 0.020692 0.011338