3 0.299363 0.513228 0.598726 0.843915
3 0.514104 0.825397 0.535946 0.349206
3 0.498580 0.482804 0.997160 0.965608
2 0.704506 0.654101 0.151616 0.167989
2 0.835848 0.654101 0.156905 0.115079
2 0.160626 0.504630 0.202743 0.115079
2 0.391577 0.499339 0.156905 0.117725
0 0.262879 0.259259 0.104016 0.047619
0 0.159745 0.237434 0.123409 0.056878
0 0.245249 0.173942 0.058178 0.041005
0 0.281391 0.394841 0.063467 0.033069
0 0.202938 0.360450 0.100490 0.054233
0 0.162389 0.403439 0.075808 0.044974
0 0.212634 0.640212 0.049363 0.055556
0 0.167678 0.625661 0.040549 0.039683
0 0.595201 0.772487 0.052889 0.034392
0 0.366014 0.900132 0.236239 0.157407
0 0.790892 0.495370 0.070519 0.064815
0 0.737121 0.395503 0.096964 0.095238
0 0.815573 0.598545 0.045837 0.059524
0 0.421547 0.295635 0.054652 0.041005
0 0.494711 0.373677 0.059941 0.043651
0 0.389814 0.373016 0.089912 0.071429
0 0.292850 0.308201 0.068756 0.026455
0 0.349265 0.240741 0.044074 0.044974
0 0.293731 0.226852 0.045837 0.033069
0 0.061900 0.064815 0.051126 0.037037
0 0.175612 0.125000 0.049363 0.025132
0 0.086581 0.119709 0.047600 0.033069
0 0.022233 0.126984 0.042312 0.052910
0 0.082174 0.159392 0.045837 0.019841
0 0.269931 0.087963 0.044074 0.022487
0 0.271694 0.050265 0.033497 0.021164
0 0.359843 0.066799 0.026445 0.014550
0 0.421547 0.098545 0.096964 0.064815
0 0.292850 0.648148 0.061704 0.066138
0 0.295494 0.496693 0.074045 0.070106
0 0.647209 0.441799 0.051126 0.039683
0 0.676298 0.497354 0.049363 0.026455
0 0.604897 0.554233 0.089912 0.034392
0 0.589030 0.638228 0.079334 0.027778