0 0.499119 0.351852 0.375484 0.097884
0 0.812903 0.224868 0.146315 0.121693
0 0.686861 0.224868 0.165706 0.066138
0 0.844634 0.318783 0.185098 0.071429
0 0.164180 0.396164 0.163944 0.056878
0 0.433012 0.662698 0.102244 0.066138
0 0.298155 0.652778 0.082853 0.051587
0 0.835820 0.468915 0.058174 0.059524
0 0.939505 0.398148 0.120990 0.105820
0 0.933657 0.770503 0.045834 0.043651
0 0.433012 0.565476 0.049359 0.035714
0 0.166824 0.658069 0.095193 0.041005
0 0.073394 0.473545 0.095193 0.087302
0 0.732694 0.374339 0.045834 0.050265
3 0.500000 0.278439 1.000000 0.556878
3 0.500000 0.666005 1.000000 0.652116
3 0.903367 0.763889 0.193266 0.279101