3 0.511301 0.587302 0.977397 0.492063
3 0.564689 0.263228 0.870622 0.412698
2 0.647808 0.449074 0.136777 0.136243
2 0.447936 0.425926 0.204725 0.201058
2 0.584272 0.568783 0.115599 0.119048
2 0.826942 0.398810 0.029120 0.038360
2 0.723256 0.417328 0.049416 0.041005
2 0.884741 0.462302 0.035297 0.038360
2 0.920921 0.452381 0.037062 0.052910
2 0.948277 0.437831 0.045887 0.063492
2 0.894448 0.394180 0.047651 0.044974
2 0.185853 0.437169 0.074124 0.075397
2 0.169969 0.602513 0.137660 0.205026
2 0.582949 0.166005 0.049416 0.048942
2 0.595303 0.230820 0.033533 0.038360
2 0.665456 0.216931 0.030885 0.029101
2 0.725021 0.167989 0.038827 0.023810
2 0.793851 0.175926 0.026473 0.023810
2 0.900625 0.214286 0.030003 0.031746
2 0.451025 0.161376 0.043239 0.029101
2 0.413521 0.111772 0.051181 0.038360
2 0.353516 0.101852 0.045887 0.034392
2 0.259095 0.453704 0.021178 0.034392
2 0.278950 0.408730 0.022061 0.034392