3 0.149967 0.078704 0.299934 0.157407
3 0.070602 0.292328 0.141204 0.214286
3 0.419808 0.196429 0.467923 0.260582
3 0.438823 0.021164 0.138889 0.042328
3 0.793485 0.046958 0.266204 0.093915
3 0.960813 0.167328 0.078373 0.125661
3 0.950066 0.365741 0.099868 0.125661
3 0.858300 0.547619 0.283399 0.251323
3 0.390873 0.443122 0.185185 0.238095
3 0.568618 0.450397 0.176918 0.231481
3 0.611607 0.697090 0.286045 0.219577
3 0.865741 0.865079 0.268518 0.269841
3 0.503307 0.897487 0.380291 0.205026
3 0.162368 0.634259 0.324735 0.390212