3 0.505503 0.517196 0.783069 0.653439
2 0.388677 0.403439 0.132910 0.134921
2 0.393757 0.284392 0.249735 0.092593
2 0.198201 0.327381 0.099048 0.104497
2 0.506772 0.651455 0.320000 0.342593
2 0.559259 0.447090 0.025397 0.034392
2 0.609206 0.412698 0.040635 0.084656
2 0.532169 0.359788 0.089735 0.058201
2 0.788677 0.496693 0.164233 0.075397
2 0.816190 0.617063 0.160000 0.197090
2 0.728148 0.355159 0.136296 0.101852
2 0.596931 0.253307 0.097354 0.067460
2 0.178730 0.500661 0.068571 0.070106
2 0.298095 0.630291 0.149841 0.178571
2 0.344656 0.529101 0.075344 0.082011