1 0.112241 0.339286 0.193324 0.133598
1 0.264844 0.339947 0.150500 0.089947
1 0.254875 0.245758 0.189250 0.057654
1 0.385949 0.267196 0.049383 0.031746
1 0.438859 0.263228 0.042328 0.034392
1 0.465142 0.320106 0.025948 0.026455
1 0.534098 0.316799 0.054086 0.067460
1 0.441211 0.386243 0.084656 0.074074
1 0.523516 0.385582 0.079953 0.059524
1 0.427102 0.457011 0.079953 0.035714
1 0.542328 0.451058 0.084656 0.034392
1 0.545855 0.482804 0.072898 0.044974
1 0.303645 0.492725 0.166961 0.101852
1 0.124927 0.454365 0.162257 0.064815
1 0.154321 0.623677 0.112875 0.059524
1 0.053204 0.498016 0.079953 0.101852
1 0.348325 0.693783 0.101117 0.046296
1 0.614051 0.548280 0.082305 0.048942
1 0.612875 0.298942 0.047031 0.044974
1 0.585832 0.271164 0.039976 0.047619
1 0.634039 0.262566 0.070547 0.027778
1 0.591711 0.232143 0.122281 0.035714
1 0.528219 0.246328 0.084656 0.045567
1 0.715168 0.333333 0.148148 0.089947
1 0.686949 0.478836 0.152851 0.108466
1 0.751617 0.412698 0.126984 0.047619
1 0.804045 0.477331 0.055049 0.028736
1 0.665785 0.575785 0.054086 0.046844
1 0.628160 0.626984 0.063492 0.031746
1 0.568195 0.646164 0.042328 0.033069
1 0.532922 0.597222 0.056437 0.030423
1 0.469430 0.599868 0.061141 0.027778
1 0.332563 0.578590 0.064060 0.040595
1 0.512934 0.650132 0.049383 0.070106
1 0.585832 0.697090 0.124633 0.039683
1 0.705761 0.654101 0.105820 0.038360
1 0.865667 0.613757 0.063492 0.031746
1 0.805703 0.647487 0.051734 0.011905
1 0.921623 0.498677 0.055049 0.103175
1 0.853909 0.446429 0.148148 0.048942
1 0.888007 0.338624 0.155203 0.121693
1 0.718695 0.278439 0.042328 0.025132
1 0.772781 0.253968 0.051734 0.023810
1 0.290711 0.631773 0.056437 0.027458
1 0.174309 0.545635 0.035273 0.033069
1 0.211934 0.550265 0.039976 0.029101
1 0.793945 0.574576 0.042328 0.022167
1 0.749265 0.576355 0.028219 0.020434
1 0.783363 0.540344 0.068195 0.038360
1 0.772948 0.622240 0.037959 0.011677
1 0.184982 0.507663 0.046220 0.026455
1 0.199578 0.579502 0.028381 0.018701
1 0.154169 0.586800 0.047842 0.022350
1 0.115652 0.566502 0.027570 0.018245
1 0.289586 0.573572 0.036490 0.025999
1 0.507308 0.548942 0.032435 0.024174
1 0.549068 0.526364 0.034868 0.019157
1 0.819903 0.595238 0.034868 0.030104
1 0.787873 0.634008 0.050275 0.015508
1 0.731112 0.596150 0.048653 0.015508
1 0.875854 0.579958 0.026759 0.022350
1 0.245393 0.683269 0.048653 0.023718
1 0.151331 0.379721 0.037301 0.049717
1 0.185388 0.317004 0.051896 0.035577
1 0.199173 0.415070 0.069736 0.030104
1 0.159440 0.485085 0.022705 0.013228
1 0.185793 0.479839 0.033246 0.019157
1 0.271747 0.540504 0.083521 0.038314
1 0.488252 0.320653 0.018650 0.020069
1 0.838148 0.374704 0.071358 0.071611
1 0.809767 0.424193 0.042166 0.015508