0 0.450579 0.335979 0.144734 0.055556
0 0.374682 0.310185 0.077662 0.035714
0 0.327908 0.365741 0.111198 0.054233
0 0.260836 0.322090 0.072367 0.033069
0 0.243186 0.367063 0.065307 0.027778
0 0.173466 0.389550 0.095312 0.051587
0 0.650029 0.339947 0.158854 0.126984
0 0.502648 0.281746 0.072367 0.042328
0 0.476172 0.256614 0.146499 0.044974
0 0.256424 0.445767 0.190625 0.087302
0 0.386155 0.508598 0.139439 0.078042
0 0.432928 0.437169 0.109433 0.051587
0 0.589135 0.554894 0.097078 0.075397
0 0.635026 0.475529 0.093547 0.062169
0 0.779760 0.505291 0.107668 0.105820
0 0.697685 0.586640 0.102373 0.067460
0 0.843302 0.601190 0.044126 0.062169
0 0.783290 0.605159 0.068837 0.088624
0 0.883015 0.575397 0.070602 0.037037
0 0.851244 0.423942 0.042361 0.056878
0 0.802705 0.383598 0.068837 0.079365
0 0.748872 0.410053 0.077662 0.076720
3 0.540596 0.423942 0.822512 0.482804
3 0.404442 0.775132 0.808883 0.449735
3 0.188469 0.316138 0.375955 0.425926
3 0.735634 0.211640 0.527749 0.380952