3 0.677354 0.526380 0.577110 0.840097
3 0.305195 0.308847 0.487013 0.617694
0 0.544237 0.514205 0.072240 0.142045
0 0.654221 0.716112 0.038961 0.135958
0 0.753653 0.574067 0.059253 0.176542
0 0.665179 0.494927 0.073864 0.156250
0 0.577516 0.707995 0.041396 0.131899
0 0.529627 0.641031 0.044643 0.087256
0 0.480519 0.687703 0.043831 0.095373
0 0.456575 0.789164 0.062500 0.148133
0 0.765422 0.773945 0.042208 0.101461
0 0.693994 0.874391 0.035714 0.087256
0 0.770698 0.890625 0.046266 0.066964
0 0.838880 0.832792 0.044643 0.105519
0 0.875000 0.788149 0.073052 0.166396
0 0.903409 0.745536 0.055195 0.186688
0 0.900568 0.647119 0.039773 0.119724
0 0.844562 0.653206 0.062500 0.148133
0 0.849432 0.498985 0.052760 0.131899
0 0.703328 0.765828 0.020292 0.044643
0 0.717532 0.700893 0.027597 0.040584
0 0.687500 0.724229 0.027597 0.087256
0 0.622159 0.721185 0.020292 0.081169
0 0.599838 0.649148 0.021104 0.176542
0 0.614448 0.479708 0.021104 0.073052
0 0.620536 0.833807 0.021916 0.058847
0 0.586851 0.824675 0.030844 0.089286
0 0.512581 0.844968 0.031656 0.060877
0 0.533685 0.750609 0.034903 0.152192
0 0.801542 0.752638 0.010552 0.054789
0 0.792614 0.823661 0.023539 0.062906
0 0.821834 0.913961 0.013799 0.032468
0 0.768263 0.443182 0.025162 0.024351
0 0.785308 0.618709 0.026786 0.062906