3 0.209513 0.768519 0.232389 0.169312
3 0.210421 0.552910 0.230574 0.171958
3 0.198620 0.349868 0.217865 0.160053
3 0.210421 0.154101 0.223312 0.160053
3 0.489107 0.343254 0.203341 0.152116
3 0.497277 0.145503 0.187001 0.156085
3 0.505447 0.544312 0.221496 0.154762
3 0.504539 0.765212 0.216049 0.165344
3 0.802288 0.759921 0.194263 0.162698
3 0.803195 0.554233 0.225127 0.158730
3 0.803195 0.347884 0.236020 0.156085
3 0.785040 0.146164 0.236020 0.162698
4 0.211329 0.352513 0.152505 0.115079
4 0.214960 0.154762 0.156137 0.105820
4 0.492738 0.140212 0.156137 0.108466
4 0.490015 0.347884 0.118010 0.103175
4 0.499092 0.544312 0.143428 0.107143
4 0.492738 0.763889 0.181554 0.115079
4 0.799564 0.553571 0.225127 0.160053
4 0.793210 0.348545 0.216049 0.160053
4 0.787763 0.153439 0.226943 0.171958
4 0.800472 0.773148 0.208787 0.178571
4 0.568991 0.152778 0.108932 0.189153
4 0.500000 0.420635 0.239651 0.026455
4 0.486383 0.273810 0.245098 0.031746