3 0.503526 0.477513 0.959061 0.685185
1 0.256170 0.826720 0.512340 0.346560
0 0.184427 0.471561 0.148090 0.101852
0 0.402155 0.228836 0.128698 0.084656
0 0.735358 0.299603 0.089912 0.120370
0 0.653379 0.283730 0.084623 0.078042
0 0.622527 0.480159 0.082860 0.087302
0 0.564349 0.398810 0.044074 0.030423
0 0.609305 0.430556 0.056415 0.033069
0 0.740647 0.603836 0.153379 0.146825
0 0.813810 0.539683 0.081097 0.084656
0 0.793536 0.467593 0.082860 0.048942
0 0.827033 0.404101 0.093438 0.054233
0 0.855240 0.365741 0.051126 0.041005
0 0.786484 0.340608 0.051126 0.035714
0 0.653379 0.388889 0.222135 0.095238
0 0.516748 0.661376 0.089912 0.076720
0 0.551126 0.747354 0.218609 0.095238
0 0.670128 0.726190 0.104016 0.058201
0 0.619001 0.648810 0.121646 0.075397
0 0.578453 0.580688 0.142801 0.084656
0 0.247894 0.686508 0.186876 0.097884
0 0.168560 0.621693 0.095201 0.058201
0 0.145641 0.579365 0.066993 0.034392
0 0.237316 0.585979 0.074045 0.047619
0 0.284035 0.514550 0.093438 0.074074
0 0.289324 0.371032 0.093438 0.046296
0 0.261116 0.303571 0.167483 0.035714
0 0.395984 0.327381 0.109305 0.088624
0 0.363369 0.423942 0.146327 0.112434
0 0.381880 0.511905 0.098727 0.079365
0 0.325465 0.605159 0.123409 0.088624
0 0.090107 0.396825 0.054652 0.079365
0 0.214397 0.251323 0.105779 0.042328
0 0.083937 0.526455 0.052889 0.044974
0 0.463859 0.449074 0.037023 0.025132
0 0.522919 0.464947 0.028208 0.025132
0 0.492067 0.263889 0.082860 0.091270