3 0.382937 0.433201 0.406746 0.461640
3 0.685020 0.376984 0.356151 0.531746
3 0.868056 0.459656 0.263888 0.419312
3 0.183036 0.550265 0.366071 0.362434
0 0.068452 0.520503 0.136904 0.170635
0 0.075397 0.634259 0.023810 0.033069
0 0.035714 0.656085 0.027778 0.042328
0 0.127480 0.638228 0.040675 0.038360
0 0.160714 0.675926 0.023810 0.031746
0 0.168155 0.628307 0.040675 0.029101
0 0.159226 0.560185 0.036706 0.064815
0 0.172123 0.522487 0.026786 0.034392
0 0.238095 0.505291 0.039683 0.037037
0 0.204365 0.455688 0.031746 0.030423
0 0.288690 0.511243 0.035714 0.054233
0 0.352183 0.462302 0.025794 0.022487
0 0.361607 0.492063 0.030754 0.037037
0 0.301587 0.239418 0.035714 0.063492
0 0.256448 0.265873 0.036706 0.084656
0 0.355655 0.304233 0.058532 0.039683
0 0.417659 0.337963 0.031746 0.038360
0 0.376488 0.366402 0.028770 0.029101
0 0.485615 0.406085 0.114087 0.161376
0 0.406746 0.425926 0.059524 0.042328
0 0.426091 0.498016 0.040675 0.062169
0 0.396825 0.509259 0.049603 0.089947
0 0.464782 0.521164 0.070437 0.100529
0 0.534722 0.561508 0.035714 0.085979
0 0.498512 0.605159 0.044643 0.041005
0 0.588294 0.389550 0.059524 0.125661
0 0.622520 0.234127 0.034722 0.050265
0 0.636905 0.510582 0.075397 0.129630
0 0.605159 0.513228 0.019841 0.026455
0 0.592262 0.478836 0.033730 0.023810
0 0.635417 0.408730 0.038690 0.039683
0 0.695933 0.361111 0.058532 0.071429
0 0.701389 0.439153 0.049603 0.071429
0 0.766369 0.375661 0.084325 0.066138
0 0.759921 0.263889 0.047619 0.043651
0 0.773810 0.229497 0.059524 0.033069
0 0.743552 0.206349 0.044643 0.037037
0 0.724702 0.239418 0.048611 0.031746
0 0.828869 0.274471 0.028770 0.033069
0 0.698909 0.212963 0.032738 0.021164
0 0.655258 0.300265 0.108135 0.055556
0 0.931548 0.516534 0.049603 0.075397
0 0.895833 0.511905 0.025794 0.037037
0 0.852183 0.472884 0.057540 0.075397
0 0.864583 0.578704 0.042659 0.062169
0 0.899306 0.563492 0.036706 0.058201
0 0.928571 0.599206 0.037698 0.060847
0 0.952381 0.580688 0.043651 0.047619
0 0.967262 0.436508 0.065476 0.076720