3 0.382761 0.441138 0.639816 0.813492
3 0.801731 0.780423 0.358079 0.359788
0 0.571343 0.722884 0.028174 0.038360
0 0.549077 0.674603 0.029083 0.029101
0 0.560892 0.593254 0.059983 0.064815
0 0.609968 0.492063 0.050894 0.044974
0 0.637688 0.494048 0.024538 0.022487
0 0.627236 0.536376 0.016359 0.022487
0 0.641323 0.552249 0.053621 0.043651
0 0.616330 0.580688 0.025447 0.023810
0 0.636779 0.652778 0.035444 0.030423
0 0.624510 0.621693 0.030900 0.023810
0 0.621783 0.729497 0.021812 0.030423
0 0.597699 0.724868 0.009997 0.018519
0 0.468645 0.712302 0.024538 0.027778
0 0.465919 0.782407 0.013632 0.025132
0 0.487731 0.787037 0.017268 0.026455
0 0.519994 0.793651 0.023630 0.015873
0 0.560437 0.766534 0.015450 0.022487
0 0.600426 0.753968 0.024538 0.018519
0 0.503181 0.685847 0.020903 0.033069
0 0.425930 0.698413 0.019085 0.034392
0 0.431838 0.804233 0.029083 0.042328
0 0.681766 0.400794 0.010906 0.031746
0 0.565436 0.495370 0.025447 0.027778
0 0.573615 0.443783 0.039988 0.035714
0 0.495456 0.500661 0.063618 0.033069
0 0.584521 0.358466 0.023630 0.042328
0 0.664498 0.384921 0.047259 0.089947