3 0.376591 0.521164 0.729874 0.814815
3 0.803232 0.329365 0.356122 0.343915
3 0.747356 0.621032 0.505288 0.408730
0 0.536141 0.183862 0.044074 0.031746
0 0.552008 0.230820 0.068756 0.059524
0 0.517630 0.292328 0.024682 0.037037
0 0.224094 0.731481 0.040549 0.076720
0 0.142115 0.825397 0.035260 0.018519
0 0.124485 0.780423 0.028208 0.029101
0 0.149167 0.683862 0.028208 0.039683
0 0.204701 0.597222 0.040549 0.070106
0 0.255827 0.523148 0.058178 0.033069
0 0.322821 0.484127 0.047600 0.042328
0 0.395984 0.467593 0.059941 0.027778
0 0.339569 0.430556 0.091675 0.062169
0 0.413614 0.339947 0.056415 0.039683
0 0.383643 0.399471 0.049363 0.026455
0 0.475318 0.278439 0.088149 0.091270
0 0.370421 0.300926 0.033497 0.030423
0 0.046914 0.777778 0.035260 0.052910
0 0.110382 0.876984 0.049363 0.039683
0 0.598727 0.152778 0.017630 0.027778
0 0.675416 0.175265 0.033497 0.019841