3 0.187859 0.107804 0.194387 0.104497
3 0.187859 0.259259 0.149528 0.097884
3 0.188794 0.408730 0.177565 0.092593
3 0.182252 0.555556 0.171958 0.124339
3 0.202812 0.716270 0.153267 0.091270
3 0.289726 0.857804 0.424287 0.070106
3 0.414021 0.716270 0.093455 0.189153
3 0.407479 0.541005 0.158874 0.111111
3 0.420563 0.400132 0.237376 0.099206
3 0.424301 0.265873 0.226162 0.068783
3 0.400937 0.110450 0.145790 0.130952
3 0.606539 0.112434 0.209340 0.084656
3 0.812141 0.414683 0.153267 0.144180
3 0.821486 0.560847 0.168219 0.111111
3 0.621492 0.558201 0.145790 0.116402
3 0.606539 0.699735 0.179434 0.089947
3 0.826159 0.690476 0.173827 0.105820
3 0.817748 0.855159 0.134576 0.162698
3 0.624295 0.850529 0.170089 0.108466