2 0.326192 0.137566 0.225862 0.137566
2 0.193851 0.472884 0.125283 0.503968
2 0.237523 0.578042 0.023821 0.055556
2 0.410890 0.291667 0.137635 0.048942
2 0.297959 0.447090 0.033526 0.288360
2 0.328839 0.623016 0.028233 0.042328
2 0.302370 0.712302 0.038820 0.078042
2 0.343396 0.423942 0.022057 0.043651
2 0.342073 0.459656 0.024704 0.035714
2 0.343396 0.515873 0.027351 0.047619
2 0.385304 0.511905 0.047643 0.089947
2 0.376923 0.427910 0.037938 0.051587
2 0.403832 0.400132 0.042349 0.059524
2 0.451475 0.460317 0.031762 0.050265
2 0.494706 0.428571 0.026468 0.050265
2 0.565288 0.454365 0.047643 0.075397
2 0.659251 0.373016 0.106755 0.066138
2 0.520733 0.324074 0.044996 0.034392
2 0.802620 0.444444 0.121754 0.142857
2 0.616460 0.703042 0.247037 0.421958
2 0.510146 0.720238 0.022057 0.038360
2 0.499559 0.609127 0.022057 0.035714
2 0.464268 0.565476 0.062642 0.072751
2 0.410890 0.572090 0.038820 0.059524
2 0.421919 0.636243 0.037938 0.055556
2 0.414860 0.769841 0.027351 0.047619
2 0.473973 0.811508 0.048525 0.083333
3 0.266638 0.480820 0.311443 0.794974
3 0.580728 0.598545 0.622004 0.686508