2 0.335897 0.412037 0.051172 0.064815
2 0.347366 0.466270 0.026468 0.038360
2 0.341632 0.518519 0.030880 0.044974
2 0.378687 0.511905 0.043231 0.082011
2 0.376923 0.423280 0.027351 0.060847
2 0.402067 0.397487 0.044114 0.067460
2 0.455886 0.461640 0.033526 0.055556
2 0.499559 0.428571 0.041467 0.044974
2 0.456327 0.563492 0.048525 0.100529
2 0.408243 0.583333 0.044114 0.039683
2 0.322663 0.622354 0.031762 0.067460
2 0.287813 0.707011 0.059112 0.112434
2 0.427653 0.644841 0.031762 0.085979
2 0.408243 0.783069 0.031762 0.047619
2 0.470444 0.812831 0.043231 0.070106
2 0.512352 0.728836 0.022939 0.034392
2 0.496030 0.613757 0.034409 0.044974
2 0.616901 0.712302 0.235567 0.416667
2 0.574993 0.457011 0.051172 0.062169
2 0.790710 0.437831 0.108520 0.179894
2 0.654398 0.375000 0.097050 0.085979
2 0.531762 0.327381 0.045878 0.054233
2 0.404273 0.289683 0.133224 0.087302
2 0.320898 0.123677 0.201159 0.112434
2 0.205761 0.435185 0.152634 0.571429
2 0.288695 0.404101 0.037938 0.212963
2 0.237523 0.588624 0.014999 0.058201
3 0.271932 0.457011 0.318501 0.839947
3 0.575876 0.587302 0.624651 0.740741