3 0.261786 0.455688 0.329971 0.824074
3 0.577199 0.589947 0.636120 0.666667
2 0.316928 0.150132 0.224980 0.154762
2 0.206644 0.480159 0.154398 0.444444
2 0.419272 0.298280 0.140282 0.062169
2 0.798650 0.443783 0.150869 0.146825
2 0.617784 0.687169 0.262036 0.416667
2 0.473091 0.800926 0.052054 0.091270
2 0.416184 0.783730 0.051172 0.043651
2 0.289136 0.718254 0.047643 0.044974
2 0.323104 0.620370 0.029115 0.050265
2 0.344720 0.517857 0.052937 0.062169
2 0.385745 0.500661 0.034409 0.043651
2 0.346925 0.429894 0.041467 0.095238
2 0.377364 0.427249 0.031762 0.066138
2 0.403391 0.400794 0.037938 0.060847
2 0.451475 0.469577 0.037056 0.082011
2 0.495589 0.423942 0.042349 0.046296
2 0.570582 0.455026 0.045878 0.068783
2 0.648222 0.369048 0.100579 0.066138
2 0.522939 0.322090 0.038820 0.043651
2 0.290019 0.399471 0.038820 0.190476
2 0.423242 0.644841 0.040585 0.067460
2 0.453681 0.560185 0.043231 0.083333
2 0.409567 0.574735 0.034409 0.038360
2 0.510146 0.724868 0.020292 0.042328
2 0.501323 0.604497 0.034409 0.044974
2 0.242817 0.574735 0.018528 0.062169