3 0.697240 0.238095 0.498377 0.451659
3 0.439935 0.523088 0.814935 0.782107
0 0.649351 0.150794 0.060065 0.135642
0 0.759334 0.227273 0.065747 0.106782
0 0.732955 0.129870 0.034091 0.056277
0 0.918019 0.396104 0.027597 0.054834
0 0.852273 0.338384 0.048701 0.106782
0 0.888393 0.314574 0.049513 0.070707
0 0.771916 0.353535 0.045455 0.102453
0 0.690341 0.275613 0.047890 0.090909
0 0.635958 0.281385 0.036526 0.076479
0 0.553571 0.220779 0.081169 0.163059
0 0.741477 0.609668 0.046266 0.098124
0 0.718750 0.692641 0.043019 0.090909
0 0.619724 0.774170 0.060877 0.115440
0 0.765422 0.515873 0.051948 0.089466
0 0.790584 0.598124 0.034091 0.080808
0 0.651786 0.776335 0.027597 0.044733
0 0.812094 0.282828 0.017045 0.053391
0 0.810471 0.367965 0.020292 0.033189
0 0.693994 0.160895 0.009740 0.034632