3 0.229718 0.479497 0.277778 0.287037
3 0.358907 0.359788 0.231041 0.216931
3 0.240300 0.666667 0.281305 0.224868
3 0.655203 0.458995 0.634921 0.629630
3 0.616843 0.116402 0.417108 0.232804
0 0.738977 0.553571 0.165785 0.160053
0 0.452381 0.575397 0.042328 0.031746
0 0.428131 0.601852 0.036155 0.037037
0 0.530423 0.517196 0.171958 0.121693
0 0.594797 0.628307 0.034392 0.034392
0 0.607584 0.702381 0.017637 0.021164
0 0.655644 0.669974 0.022046 0.038360
0 0.648589 0.711640 0.036155 0.039683
0 0.717813 0.719577 0.051146 0.068783
0 0.168871 0.448413 0.080247 0.084656
0 0.220459 0.454365 0.059965 0.035714
0 0.234127 0.500000 0.062610 0.034392
0 0.328924 0.363757 0.022928 0.026455
0 0.342152 0.316799 0.033510 0.027778
0 0.358466 0.394841 0.036155 0.019841