0 0.554054 0.167328 0.130222 0.096561
0 0.745701 0.114418 0.095823 0.059524
0 0.624079 0.083995 0.103194 0.070106
0 0.463759 0.081349 0.126536 0.072751
0 0.335995 0.179894 0.359952 0.100529
0 0.356265 0.466270 0.154792 0.048942
0 0.539926 0.443783 0.089681 0.080688
0 0.600737 0.367725 0.140050 0.134921
0 0.742016 0.358466 0.073710 0.134921
0 0.576167 0.791005 0.137593 0.076720
0 0.744473 0.707011 0.100737 0.189153
0 0.412162 0.749339 0.126536 0.218254
0 0.601966 0.656746 0.085995 0.146825
0 0.259827 0.815476 0.124079 0.104497
0 0.195945 0.482143 0.089681 0.054233
0 0.286854 0.371693 0.084767 0.050265
0 0.461916 0.381614 0.068796 0.138889