4 0.922840 0.496693 0.104938 0.170635
4 0.790564 0.494048 0.117284 0.181217
4 0.652998 0.496693 0.113757 0.175926
4 0.516314 0.496693 0.111993 0.173280
4 0.404321 0.493386 0.069665 0.177249
4 0.255732 0.447090 0.075838 0.055556
4 0.283951 0.518519 0.028219 0.103175
3 0.091270 0.492063 0.126102 0.177249
3 0.237654 0.492063 0.122575 0.185185
3 0.381834 0.497354 0.126984 0.193122
3 0.516755 0.494048 0.121693 0.191799
3 0.653439 0.492725 0.130511 0.202381
3 0.792328 0.493386 0.126102 0.201058
3 0.925044 0.492063 0.119929 0.198413