4 0.322633 0.300265 0.222698 0.216931
4 0.550173 0.292328 0.227100 0.227513
4 0.760988 0.339286 0.222698 0.191799
4 0.809401 0.585979 0.294877 0.296296
4 0.617951 0.593254 0.147879 0.289683
4 0.498240 0.585979 0.170765 0.320106
4 0.549293 0.416667 0.190130 0.095238
4 0.331876 0.550265 0.248225 0.298942
4 0.190599 0.373677 0.097706 0.226190
4 0.110043 0.601852 0.220086 0.206349
3 0.811602 0.609788 0.292237 0.354497
3 0.762749 0.331349 0.208615 0.189153
3 0.561176 0.309524 0.240303 0.227513
3 0.621032 0.598545 0.159322 0.281746
3 0.492518 0.583333 0.159322 0.322751
3 0.349040 0.583333 0.280794 0.357143
3 0.119286 0.640212 0.238571 0.269841
3 0.185758 0.374339 0.098586 0.253968
3 0.325274 0.312831 0.240303 0.265873
3 0.548853 0.420635 0.196291 0.068783