3 0.083399 0.115079 0.166798 0.230158
3 0.143293 0.376323 0.286586 0.276455
3 0.261803 0.730820 0.509440 0.443122
3 0.403620 0.314153 0.622342 0.374339
3 0.389162 0.090608 0.480525 0.181216
3 0.716856 0.626984 0.532846 0.513228
4 0.358871 0.199074 0.342839 0.136243
4 0.645259 0.560185 0.362115 0.337302
4 0.242526 0.726190 0.407552 0.394180
4 0.632179 0.269180 0.170731 0.223545
4 0.868311 0.711640 0.227183 0.105820
4 0.879326 0.529101 0.144571 0.185185
4 0.518588 0.054894 0.147324 0.109788
4 0.033832 0.133598 0.067664 0.132275
4 0.073172 0.236772 0.126671 0.071429