4 0.751358 0.611111 0.238025 0.312169
4 0.498519 0.624339 0.230123 0.320106
4 0.246173 0.621693 0.242963 0.312169
4 0.724198 0.278439 0.094815 0.183862
4 0.837778 0.258598 0.073086 0.228836
4 0.638272 0.303571 0.027654 0.234127
4 0.745926 0.418651 0.207407 0.033069
4 0.494568 0.148148 0.218272 0.055556
4 0.525679 0.347222 0.094815 0.051587
3 0.258025 0.285053 0.233086 0.308201
3 0.499506 0.275794 0.249877 0.316138
3 0.754321 0.285714 0.232099 0.301587
3 0.252099 0.636243 0.233086 0.320106
3 0.500494 0.624339 0.240000 0.322751
3 0.744444 0.613757 0.228148 0.306878