4 0.388932 0.144180 0.105779 0.137566
4 0.249657 0.232143 0.105779 0.091270
4 0.786484 0.177249 0.114594 0.211640
4 0.633105 0.160714 0.118120 0.197090
4 0.562586 0.414683 0.125172 0.199735
4 0.774143 0.421958 0.149853 0.190476
4 0.180901 0.433201 0.091675 0.157407
4 0.346621 0.431217 0.148090 0.206349
4 0.158863 0.660714 0.259158 0.186508
4 0.202938 0.772487 0.153379 0.111111
4 0.695691 0.705026 0.419589 0.256614
4 0.424192 0.856481 0.317336 0.167989
3 0.326347 0.187169 0.315573 0.234127
3 0.697454 0.173280 0.271499 0.259259
3 0.267287 0.438492 0.356122 0.215608
3 0.663957 0.433201 0.363174 0.234127
3 0.205582 0.679233 0.327914 0.257937
3 0.418903 0.858466 0.331440 0.174603
3 0.692165 0.702381 0.409011 0.259259