4 0.288087 0.453042 0.236636 0.175926
4 0.455851 0.333995 0.201317 0.080688
4 0.603308 0.334656 0.114786 0.084656
4 0.608605 0.423942 0.146573 0.078042
4 0.490287 0.454365 0.121850 0.112434
4 0.434660 0.597222 0.264891 0.178571
4 0.598893 0.535053 0.098893 0.104497
4 0.707498 0.470899 0.143041 0.076720
4 0.356076 0.750661 0.252530 0.152116
4 0.130799 0.654762 0.261598 0.203704
4 0.113259 0.501323 0.120084 0.108466
4 0.521191 0.674603 0.148339 0.116402
3 0.082355 0.066138 0.139509 0.132275
3 0.255417 0.066138 0.213679 0.132275
3 0.413469 0.056878 0.148339 0.113756
3 0.525606 0.043651 0.100659 0.087302
3 0.658935 0.044974 0.165998 0.089947
3 0.750764 0.023148 0.098893 0.046296
3 0.842593 0.277778 0.130680 0.087302
3 0.854954 0.363757 0.091829 0.047619
3 0.902635 0.334656 0.081233 0.050265
3 0.968094 0.138228 0.063812 0.043651
3 0.717211 0.345899 0.113020 0.067460
3 0.762242 0.294312 0.174828 0.080688
3 0.313693 0.791005 0.347890 0.208995
3 0.398458 0.607804 0.312572 0.194444
3 0.551212 0.694444 0.162467 0.121693
3 0.133448 0.662698 0.266896 0.222222
3 0.129152 0.506614 0.169530 0.103175
3 0.343714 0.453704 0.294912 0.166667
3 0.436426 0.355820 0.226040 0.095238
3 0.602425 0.332011 0.141275 0.105820
3 0.713679 0.493386 0.120084 0.105820
3 0.641275 0.434524 0.180126 0.101852
3 0.580350 0.521825 0.203083 0.178571