3 0.172890 0.230519 0.245130 0.444805
3 0.499188 0.258929 0.232143 0.485390
3 0.819399 0.245130 0.232955 0.490260
3 0.491071 0.771104 0.248377 0.457792
3 0.813312 0.769481 0.243506 0.461038
3 0.163555 0.759740 0.232955 0.480519
4 0.818994 0.771916 0.230519 0.456168
4 0.485795 0.768669 0.249188 0.456169
4 0.159497 0.762175 0.228084 0.475649
4 0.248782 0.241071 0.080357 0.387987
4 0.160714 0.096591 0.186688 0.193182
4 0.437094 0.344156 0.111201 0.285714
4 0.501623 0.082792 0.162338 0.165584
4 0.584416 0.355519 0.081169 0.275974
4 0.821429 0.254870 0.214286 0.483766