4 0.317460 0.286376 0.236332 0.181217
4 0.542769 0.292989 0.208995 0.205026
4 0.509700 0.560185 0.162257 0.308201
4 0.626984 0.591931 0.105820 0.279101
4 0.757937 0.331349 0.226631 0.173280
4 0.807760 0.576720 0.264550 0.277778
4 0.919312 0.502646 0.101411 0.153439
4 0.589947 0.427910 0.091711 0.059524
4 0.322751 0.546958 0.229277 0.287037
4 0.122134 0.603836 0.244268 0.202381
4 0.185185 0.386905 0.075838 0.212963
4 0.418871 0.370370 0.067019 0.116402
4 0.223104 0.500000 0.095238 0.126984
3 0.317901 0.310847 0.246032 0.238095
3 0.169753 0.381614 0.103175 0.223545
3 0.210317 0.469577 0.092593 0.140212
3 0.120811 0.625661 0.241622 0.277778
3 0.335979 0.573413 0.239859 0.347884
3 0.488977 0.574074 0.182540 0.322751
3 0.597002 0.423942 0.119929 0.072751
3 0.557319 0.303571 0.243386 0.234127
3 0.765873 0.337302 0.216049 0.227513
3 0.623016 0.597222 0.136684 0.324074
3 0.812610 0.605820 0.328924 0.351852