4 0.154266 0.275132 0.143849 0.272487
4 0.373016 0.248677 0.196429 0.203704
4 0.608631 0.251984 0.193452 0.170635
4 0.842262 0.267196 0.134921 0.280423
4 0.144345 0.587302 0.141865 0.222222
4 0.357143 0.552249 0.184524 0.183862
4 0.574405 0.585317 0.222222 0.199735
4 0.836310 0.600529 0.162698 0.251323
3 0.150794 0.275794 0.158730 0.287037
3 0.371032 0.244048 0.198413 0.205026
3 0.603175 0.248677 0.214286 0.193122
3 0.839286 0.271164 0.160714 0.293651
3 0.147321 0.591270 0.165675 0.253968
3 0.354663 0.552249 0.201389 0.199735
3 0.578869 0.578704 0.227183 0.218254
3 0.836806 0.599206 0.175595 0.269841