4 0.475198 0.826720 0.279762 0.169312
4 0.472222 0.707011 0.265873 0.144180
4 0.467262 0.578704 0.248016 0.072751
4 0.470238 0.517196 0.269841 0.113757
4 0.470238 0.406085 0.206349 0.052910
4 0.452381 0.327381 0.273810 0.075397
4 0.460317 0.248016 0.301587 0.070106
4 0.460317 0.160053 0.242063 0.050265
3 0.458333 0.140212 0.281746 0.134921
3 0.461310 0.196429 0.295635 0.133598
3 0.459325 0.268519 0.291667 0.119048
3 0.454365 0.339286 0.285714 0.107143
3 0.472222 0.429233 0.285714 0.120370
3 0.465278 0.505291 0.267857 0.092593
3 0.470238 0.590608 0.277778 0.080688
3 0.476190 0.685847 0.265873 0.107143
3 0.479167 0.826720 0.291667 0.169312