3 0.480159 0.191799 0.474465 0.179894
3 0.500863 0.356481 0.446860 0.175926
3 0.475845 0.503968 0.448585 0.158730
3 0.468081 0.659392 0.512422 0.173280
3 0.466356 0.807540 0.584886 0.146825
0 0.407695 0.345238 0.222567 0.134921
0 0.571601 0.337963 0.087992 0.070106
0 0.554348 0.381614 0.050035 0.041005
0 0.496549 0.389550 0.051760 0.025132
0 0.619910 0.392857 0.036232 0.031746
0 0.549172 0.511905 0.132850 0.068783
0 0.438751 0.507275 0.115597 0.064815
0 0.407695 0.469577 0.056936 0.042328
0 0.344720 0.496032 0.086266 0.050265
0 0.324879 0.541005 0.084541 0.063492
0 0.405970 0.639550 0.167357 0.093915
0 0.550897 0.649471 0.191511 0.124339
0 0.596618 0.591931 0.065562 0.051587
0 0.418047 0.682540 0.053485 0.026455
0 0.360248 0.679894 0.048309 0.039683
0 0.345583 0.710979 0.081090 0.048942
0 0.573326 0.173280 0.043133 0.037037
0 0.589717 0.132937 0.062112 0.051587
0 0.661318 0.178571 0.032781 0.042328
0 0.609558 0.181217 0.039683 0.037037
0 0.598344 0.218915 0.024155 0.022487
0 0.567288 0.238095 0.034507 0.015873
0 0.549172 0.210317 0.036232 0.023810
0 0.537095 0.187831 0.018979 0.018519
0 0.507764 0.205026 0.036232 0.023810
0 0.469807 0.144180 0.039683 0.026455
0 0.437026 0.158069 0.053485 0.043651
0 0.395618 0.191799 0.032781 0.029101
0 0.342995 0.201058 0.041408 0.037037
0 0.390442 0.158730 0.018979 0.018519
0 0.464631 0.236772 0.025880 0.026455
0 0.424948 0.231481 0.036232 0.026455
0 0.390442 0.249339 0.043133 0.033069
0 0.368012 0.223545 0.043133 0.039683
0 0.686335 0.395503 0.024155 0.026455
0 0.698413 0.360450 0.024155 0.022487
0 0.649241 0.505952 0.060386 0.054233
0 0.690649 0.683862 0.025880 0.034392
0 0.283471 0.689815 0.036232 0.043651
0 0.296411 0.646164 0.048309 0.035714
0 0.318841 0.340608 0.075914 0.085979
0 0.481021 0.199074 0.027605 0.017196