4 0.378968 0.157407 0.511905 0.314814
4 0.418651 0.681217 0.515873 0.333333
4 0.622024 0.875000 0.438492 0.250000
4 0.225198 0.853836 0.450396 0.292328
4 0.848214 0.636243 0.303571 0.320106
4 0.798611 0.756614 0.402778 0.412698
4 0.785714 0.296296 0.380952 0.272487
4 0.151786 0.206349 0.299603 0.312169
4 0.224206 0.353836 0.444444 0.281746
4 0.867063 0.100529 0.265873 0.126984
4 0.752976 0.066138 0.494048 0.129630
6 0.718254 0.383598 0.063492 0.023810
6 0.699405 0.198413 0.037698 0.039683
6 0.682540 0.324735 0.059524 0.035714
6 0.646825 0.349206 0.043651 0.015873
6 0.899802 0.219577 0.085317 0.060847
1 0.025794 0.100529 0.039683 0.039683
1 0.086310 0.176587 0.069444 0.072751
1 0.479167 0.167328 0.025794 0.017196
1 0.465278 0.209656 0.033730 0.019841