3 0.200176 0.294312 0.243386 0.406085
3 0.486332 0.297619 0.237213 0.399471
3 0.780864 0.310185 0.253086 0.406085
3 0.199735 0.734127 0.261905 0.410053
3 0.484568 0.741402 0.226631 0.427249
3 0.763228 0.739418 0.177249 0.375661
2 0.198413 0.113095 0.107584 0.064815
2 0.083774 0.290344 0.056437 0.197090
2 0.265432 0.475529 0.097002 0.059524
2 0.416667 0.156085 0.080247 0.103175
2 0.589065 0.354497 0.059965 0.187831
2 0.714286 0.172619 0.070547 0.112434
2 0.895503 0.368386 0.062610 0.173280
2 0.824074 0.479497 0.094356 0.064815
2 0.702381 0.476190 0.053792 0.042328
2 0.764991 0.737434 0.147266 0.366402
2 0.464286 0.682540 0.196649 0.283069
2 0.508377 0.882937 0.164903 0.112434
2 0.503086 0.824735 0.094356 0.067460
2 0.194444 0.620370 0.216049 0.195767
2 0.153880 0.806878 0.092593 0.211640
2 0.215168 0.790344 0.037037 0.059524
2 0.243827 0.888228 0.138448 0.099206
2 0.293651 0.715608 0.037037 0.034392
0 0.239859 0.251323 0.061728 0.044974
0 0.186949 0.179233 0.024691 0.025132
0 0.256173 0.299603 0.013228 0.054233
0 0.511023 0.212302 0.020282 0.035714
0 0.552469 0.184524 0.025573 0.046296
0 0.480600 0.210979 0.022928 0.025132
0 0.677690 0.419974 0.030864 0.072751
0 0.712963 0.437831 0.020282 0.023810
0 0.857584 0.240741 0.018519 0.023810
0 0.470459 0.313492 0.027337 0.026455
0 0.448854 0.258598 0.017637 0.014550
0 0.500882 0.605159 0.024691 0.035714
0 0.131393 0.317460 0.022928 0.044974
0 0.168430 0.720899 0.022928 0.050265
0 0.287037 0.173942 0.025573 0.046296
0 0.237654 0.208995 0.020282 0.026455
0 0.181217 0.294312 0.011464 0.025132
0 0.159612 0.284392 0.014109 0.015873
0 0.231481 0.322090 0.014991 0.038360
0 0.201499 0.308201 0.009700 0.026455
0 0.118166 0.230820 0.021164 0.033069