3 0.443383 0.450397 0.813931 0.887566
2 0.152555 0.394180 0.174206 0.370370
2 0.270144 0.644841 0.109363 0.231481
2 0.442415 0.427249 0.326153 0.298942
2 0.652431 0.349206 0.163560 0.190476
2 0.423059 0.181878 0.066779 0.067460
2 0.290468 0.087963 0.062908 0.043651
0 0.772923 0.510582 0.038713 0.042328
0 0.787440 0.464286 0.032906 0.034392
0 0.438544 0.679233 0.060972 0.162698
0 0.475321 0.683862 0.026131 0.029101
0 0.505323 0.673942 0.026131 0.041005
0 0.547423 0.649471 0.021292 0.037037
0 0.541132 0.575397 0.070650 0.068783
0 0.677110 0.512566 0.120009 0.157407
0 0.528067 0.738095 0.023228 0.018519
0 0.487418 0.769841 0.021292 0.021164