3 0.520619 0.513889 0.636133 0.699735
2 0.620646 0.464947 0.067562 0.099206
2 0.628543 0.375661 0.023690 0.029101
2 0.700930 0.348545 0.036852 0.067460
2 0.682066 0.370370 0.018426 0.018519
2 0.691279 0.422619 0.052646 0.080688
2 0.752260 0.484127 0.055278 0.100529
2 0.752698 0.375000 0.029832 0.041005
2 0.780337 0.398148 0.021936 0.031746
2 0.798325 0.304894 0.012284 0.022487
2 0.822454 0.344577 0.018426 0.035714
2 0.471484 0.439153 0.027200 0.023810
2 0.482890 0.468915 0.027200 0.038360
2 0.466219 0.494048 0.037729 0.041005
2 0.477626 0.548280 0.020181 0.030423
2 0.502194 0.529101 0.037729 0.066138
2 0.551768 0.526455 0.031587 0.052910
2 0.528516 0.418651 0.035974 0.035714
2 0.575459 0.271164 0.057910 0.034392
2 0.684259 0.259259 0.056155 0.042328
2 0.567123 0.584656 0.057033 0.071429
2 0.607046 0.646164 0.049136 0.051587
2 0.503948 0.650132 0.067562 0.096561
2 0.526761 0.718254 0.025445 0.034392
2 0.459200 0.730159 0.060542 0.047619
2 0.419277 0.680556 0.043871 0.035714
2 0.295999 0.689815 0.076336 0.078042
2 0.370580 0.541667 0.127227 0.170635