3 0.671517 0.591931 0.656966 0.559524
3 0.243386 0.585979 0.479718 0.388889
2 0.273810 0.726852 0.064374 0.059524
2 0.272046 0.625661 0.048501 0.097884
2 0.273810 0.528439 0.060847 0.099206
2 0.344797 0.544312 0.052910 0.083333
2 0.329806 0.641534 0.065256 0.100529
2 0.179012 0.743386 0.074074 0.066138
2 0.075397 0.728836 0.050265 0.068783
2 0.051587 0.621693 0.074956 0.108466
2 0.815256 0.538360 0.231922 0.267196
2 0.743827 0.805556 0.034392 0.047619
2 0.702381 0.625661 0.032628 0.269841
2 0.666226 0.611772 0.066138 0.353175
2 0.623457 0.641534 0.054674 0.285714
2 0.585097 0.572090 0.092593 0.324074
2 0.648148 0.422619 0.112875 0.075397
2 0.495591 0.490741 0.012346 0.031746
2 0.526455 0.422619 0.029982 0.043651
2 0.464286 0.426587 0.062610 0.054233
2 0.413139 0.427249 0.111993 0.108466
2 0.425485 0.567460 0.127866 0.224868