3 0.494048 0.488757 0.821429 0.728836
2 0.415344 0.291667 0.103175 0.091270
2 0.302910 0.253968 0.103175 0.071429
2 0.267196 0.347884 0.058201 0.055556
2 0.219577 0.348545 0.050265 0.046296
2 0.194444 0.195767 0.084656 0.031746
2 0.176587 0.234788 0.046296 0.048942
2 0.115079 0.256614 0.042328 0.039683
2 0.117725 0.324074 0.055556 0.076720
2 0.224868 0.564153 0.037037 0.041005
2 0.232804 0.527778 0.039683 0.031746
2 0.224206 0.484788 0.041005 0.025132
2 0.203704 0.651455 0.063492 0.056878
2 0.126984 0.657407 0.055556 0.039683
2 0.113095 0.698413 0.041005 0.037037
2 0.131614 0.739418 0.051587 0.042328
2 0.133598 0.797619 0.066138 0.039683
2 0.187831 0.772487 0.044974 0.042328
2 0.221561 0.753968 0.038360 0.037037
2 0.271825 0.774471 0.051587 0.054233
2 0.353175 0.762566 0.058201 0.070106
2 0.418651 0.771164 0.043651 0.039683
2 0.438492 0.733466 0.048942 0.035714
2 0.365741 0.665344 0.064815 0.042328
2 0.299603 0.619048 0.046296 0.044974
2 0.328042 0.556217 0.047619 0.027778
2 0.333333 0.520503 0.034392 0.027778
2 0.393519 0.582672 0.054233 0.051587
2 0.413360 0.622354 0.062169 0.038360
2 0.434524 0.656746 0.046296 0.038360
2 0.476190 0.677910 0.037037 0.035714
2 0.515212 0.720899 0.035714 0.052910
2 0.468915 0.597884 0.038360 0.029101
2 0.472884 0.555556 0.043651 0.026455
2 0.453704 0.490079 0.044974 0.043651
2 0.483466 0.475529 0.038360 0.046296
2 0.527116 0.503307 0.062169 0.064815
2 0.402778 0.484788 0.038360 0.027778
2 0.420635 0.435185 0.047619 0.042328
2 0.389550 0.386243 0.078042 0.047619
2 0.461640 0.222222 0.047619 0.029101
2 0.466931 0.186508 0.031746 0.015873
2 0.505291 0.195767 0.031746 0.021164
2 0.360450 0.185847 0.064815 0.041005
2 0.424603 0.153439 0.076720 0.060847
2 0.791667 0.197090 0.027778 0.029101
2 0.820767 0.217593 0.033069 0.030423
2 0.823413 0.287037 0.048942 0.113757
2 0.755291 0.363757 0.023810 0.026455
2 0.732804 0.306217 0.082011 0.054233
2 0.742725 0.248677 0.046296 0.021164
2 0.670635 0.255952 0.055556 0.033069
2 0.619709 0.287698 0.033069 0.025132
2 0.576058 0.249339 0.059524 0.027778
2 0.608466 0.225529 0.055556 0.041005
2 0.558862 0.316799 0.038360 0.046296
2 0.527116 0.347222 0.033069 0.035714
2 0.492063 0.342593 0.050265 0.031746
2 0.486772 0.380952 0.047619 0.037037
2 0.748677 0.810847 0.272487 0.066138
2 0.867725 0.513889 0.132275 0.538360
2 0.859788 0.426587 0.029101 0.035714
2 0.812831 0.432540 0.025132 0.034392
2 0.792328 0.488095 0.042328 0.058201
2 0.754630 0.460979 0.048942 0.041005
2 0.703042 0.426587 0.041005 0.059524
2 0.583995 0.377646 0.041005 0.041005
2 0.591270 0.492063 0.253968 0.240741
2 0.746693 0.632937 0.043651 0.059524
2 0.639550 0.691799 0.088624 0.132275
2 0.577381 0.702381 0.064815 0.076720