3 0.451641 0.276455 0.742448 0.447090
3 0.403283 0.489418 0.600216 0.243386
3 0.408972 0.552910 0.696933 0.230159
3 0.450219 0.596561 0.725380 0.309524
3 0.466576 0.763228 0.311487 0.148148
3 0.479376 0.763889 0.658531 0.152116
3 0.631564 0.773810 0.550435 0.341270
3 0.465864 0.679894 0.725380 0.341270
4 0.454486 0.269180 0.719691 0.403439
4 0.391904 0.466270 0.551858 0.197090
4 0.455908 0.581349 0.571770 0.091270
4 0.849889 0.681878 0.136542 0.162698
4 0.497867 0.868386 0.098140 0.075397
4 0.263185 0.674603 0.160721 0.058201
4 0.774506 0.537037 0.187745 0.140212