3 0.597002 0.438492 0.686067 0.805556
3 0.380952 0.587302 0.435626 0.396825
2 0.417108 0.375000 0.287478 0.533069
2 0.629630 0.597884 0.246914 0.312169
2 0.450176 0.666667 0.203704 0.193122
2 0.267637 0.662698 0.164903 0.203704
0 0.764109 0.432540 0.060847 0.084656
0 0.841270 0.523810 0.063492 0.105820
0 0.596120 0.188492 0.040564 0.056878
0 0.666226 0.245370 0.094356 0.096561
0 0.748236 0.186508 0.041446 0.034392
0 0.751764 0.153439 0.059083 0.055556
0 0.840829 0.267857 0.060847 0.091270
0 0.802028 0.259259 0.046737 0.089947
0 0.884480 0.402116 0.040564 0.105820
0 0.805556 0.328704 0.039683 0.043651
0 0.650353 0.111111 0.087302 0.082011
0 0.357584 0.232143 0.014991 0.072751
0 0.571869 0.458995 0.027337 0.039683
0 0.715608 0.541667 0.041446 0.025132
0 0.485891 0.236772 0.033510 0.055556
0 0.443563 0.234127 0.019400 0.042328
0 0.422840 0.241402 0.020282 0.046296
0 0.209877 0.530423 0.021164 0.066138
0 0.246473 0.544312 0.032628 0.080688
0 0.329365 0.498677 0.064374 0.089947