2 0.344356 0.544312 0.055556 0.091270
2 0.284832 0.544974 0.067019 0.092593
2 0.280864 0.600529 0.036155 0.060847
2 0.272046 0.689153 0.064374 0.116402
2 0.338624 0.650794 0.051146 0.095238
2 0.170635 0.723545 0.080247 0.074074
2 0.082451 0.718915 0.062610 0.075397
2 0.062169 0.610450 0.071429 0.064815
2 0.748236 0.522487 0.383598 0.285714
2 0.472663 0.426587 0.146384 0.162698
2 0.711640 0.699735 0.028219 0.031746
2 0.705467 0.732804 0.029982 0.055556
2 0.744268 0.808862 0.042328 0.054233
2 0.746032 0.705026 0.035273 0.084656
2 0.656526 0.736111 0.036155 0.064815
2 0.605379 0.742063 0.043210 0.079365
2 0.552028 0.651455 0.028219 0.067460
3 0.226190 0.581349 0.441799 0.339947
3 0.669312 0.593254 0.631393 0.527778