2 0.477954 0.481481 0.135802 0.267196
2 0.600970 0.461640 0.117284 0.380952
2 0.551146 0.763889 0.077601 0.136243
2 0.445326 0.238757 0.100529 0.154762
2 0.575838 0.130291 0.109347 0.173280
0 0.250882 0.706349 0.066138 0.074074
0 0.232363 0.638228 0.039683 0.064815
0 0.230159 0.572090 0.038801 0.093915
0 0.341711 0.397487 0.082011 0.083333
0 0.264550 0.457672 0.037037 0.063492
0 0.371252 0.652778 0.047619 0.054233
0 0.444444 0.792328 0.042328 0.058201
0 0.237213 0.787037 0.045855 0.050265
0 0.431217 0.700397 0.035273 0.025132
3 0.548501 0.448413 0.453263 0.873016
3 0.336861 0.606481 0.442681 0.726190