2 0.608019 0.316799 0.045046 0.062169
2 0.780390 0.500661 0.187540 0.085979
2 0.647090 0.436508 0.088254 0.087302
2 0.661799 0.615741 0.044127 0.051587
2 0.743618 0.655423 0.073545 0.070106
2 0.836009 0.629630 0.096528 0.087302
2 0.712821 0.779101 0.054239 0.050265
2 0.782229 0.765212 0.056997 0.056878
2 0.632841 0.737434 0.096528 0.096561
2 0.278446 0.476190 0.128704 0.148148
2 0.207659 0.632275 0.069868 0.105820
2 0.117106 0.417328 0.129623 0.273810
0 0.590552 0.575397 0.037692 0.034392
0 0.574464 0.548942 0.025741 0.026455
0 0.597447 0.509259 0.014709 0.021164
0 0.632381 0.538360 0.047804 0.047619
0 0.704547 0.707011 0.028499 0.035714
0 0.683862 0.732143 0.040450 0.022487
0 0.750053 0.699735 0.036772 0.023810
0 0.779931 0.722884 0.030337 0.038360
0 0.802913 0.685185 0.017467 0.015873
0 0.776253 0.599868 0.034015 0.041005
0 0.663638 0.535053 0.018386 0.022487
0 0.648009 0.488757 0.034934 0.025132
0 0.854854 0.439153 0.029418 0.026455
0 0.710522 0.429233 0.023902 0.022487
2 0.201224 0.205688 0.051481 0.059524
3 0.263737 0.409392 0.494590 0.665344
3 0.726610 0.394841 0.396224 0.289683
3 0.711442 0.516534 0.384272 0.332011
3 0.706845 0.646825 0.356693 0.317460