2 0.490787 0.489418 0.076336 0.145503
2 0.560104 0.593254 0.044749 0.062169
2 0.546065 0.509921 0.048258 0.072751
2 0.617136 0.478836 0.060542 0.111111
2 0.619769 0.374339 0.027200 0.037037
2 0.695666 0.420635 0.056155 0.068783
2 0.701808 0.342593 0.054400 0.052910
2 0.760157 0.371032 0.023690 0.038360
2 0.769808 0.402116 0.053523 0.042328
2 0.752698 0.483466 0.066684 0.109788
2 0.610994 0.649471 0.034220 0.058201
2 0.494735 0.645503 0.066684 0.105820
2 0.531587 0.710979 0.043871 0.062169
2 0.451742 0.742063 0.063175 0.060847
2 0.421470 0.680556 0.048258 0.051587
2 0.295560 0.681217 0.047381 0.071429
3 0.516232 0.507275 0.650172 0.699735