3 0.214727 0.579365 0.420635 0.362434
3 0.674162 0.588624 0.651675 0.521164
2 0.819224 0.564153 0.227513 0.281746
2 0.289242 0.543651 0.029982 0.058201
2 0.341270 0.542989 0.045855 0.078042
2 0.335538 0.644841 0.055556 0.067460
2 0.272046 0.691138 0.057319 0.091270
2 0.258818 0.634921 0.036155 0.044974
2 0.281746 0.609788 0.041446 0.044974
2 0.175485 0.723545 0.065256 0.058201
2 0.073192 0.724206 0.052910 0.046296
2 0.067901 0.616402 0.065256 0.058201
2 0.417989 0.484788 0.042328 0.059524
2 0.482804 0.452381 0.078483 0.082011
2 0.532628 0.377646 0.026455 0.019841
2 0.623016 0.465608 0.147266 0.097884
2 0.655203 0.641534 0.038801 0.322751
2 0.737213 0.798942 0.033510 0.034392
2 0.712963 0.718915 0.030864 0.051587
2 0.630511 0.630291 0.021164 0.149471
2 0.607584 0.663360 0.029982 0.231481
2 0.582011 0.608466 0.035273 0.198413
2 0.555996 0.613095 0.036155 0.207672
2 0.701058 0.606481 0.035273 0.223545