2 0.414683 0.287698 0.123016 0.128307
2 0.308862 0.254630 0.093915 0.075397
2 0.266534 0.343254 0.067460 0.072751
2 0.203704 0.347884 0.052910 0.044974
2 0.121032 0.319444 0.078042 0.083333
2 0.166667 0.214286 0.166667 0.124339
2 0.333995 0.179233 0.067460 0.046296
2 0.457011 0.174603 0.157407 0.116402
2 0.191799 0.724206 0.203704 0.215608
2 0.737434 0.804233 0.265873 0.095238
2 0.873016 0.520503 0.089947 0.623016
2 0.740741 0.314815 0.058201 0.084656
2 0.662037 0.707011 0.064815 0.096561
2 0.619709 0.647487 0.048942 0.062169
2 0.589286 0.708995 0.072751 0.084656
2 0.526455 0.720238 0.044974 0.051587
2 0.406085 0.757937 0.124339 0.089947
2 0.417328 0.622354 0.167989 0.162698
2 0.330688 0.541667 0.060847 0.080688
2 0.297619 0.609788 0.058201 0.047619
2 0.241402 0.513228 0.088624 0.166667
2 0.742063 0.621032 0.060847 0.062169
2 0.607804 0.473545 0.496032 0.298942
2 0.618386 0.264550 0.167989 0.113757
2 0.746032 0.248677 0.044974 0.037037
2 0.826058 0.250661 0.125661 0.157407
3 0.490741 0.496032 0.910053 0.796296
0 0.142196 0.394180 0.059524 0.063492
0 0.172619 0.712963 0.030423 0.023810
0 0.263228 0.728175 0.044974 0.033069
0 0.759259 0.728175 0.105820 0.091270