2 0.293651 0.376323 0.199295 0.199735
2 0.449295 0.465608 0.150794 0.314815
2 0.385362 0.552249 0.074074 0.107143
2 0.338183 0.598545 0.145503 0.226190
2 0.227954 0.638228 0.170194 0.318783
2 0.346120 0.783069 0.089065 0.097884
2 0.545414 0.664021 0.124339 0.111111
2 0.620811 0.592593 0.088183 0.108466
2 0.561728 0.414683 0.114638 0.133598
2 0.440035 0.253968 0.250441 0.174603
2 0.650353 0.386243 0.189594 0.198413
2 0.674603 0.295635 0.176367 0.191799
2 0.778660 0.543651 0.174603 0.238095
2 0.758377 0.751323 0.252205 0.325397
2 0.573192 0.829365 0.149912 0.171958
2 0.461640 0.842593 0.046737 0.042328
2 0.476190 0.685185 0.031746 0.034392
3 0.499118 0.544974 0.834215 0.785714