1 0.373131 0.499339 0.620355 0.400794
3 0.500000 0.457011 1.000000 0.914021
0 0.651471 0.218915 0.057887 0.051587
0 0.519296 0.201058 0.063676 0.068783
0 0.777857 0.392857 0.046310 0.082011
0 0.752773 0.673942 0.061746 0.070106
0 0.917750 0.805556 0.048239 0.063492
0 0.703087 0.743386 0.037626 0.066138
0 0.021829 0.599868 0.043658 0.093915
0 0.195611 0.382937 0.330920 0.297619
0 0.623010 0.864418 0.066570 0.085979
0 0.427641 0.721561 0.061746 0.035714
0 0.985889 0.582672 0.028222 0.120370
0 0.833814 0.746032 0.021225 0.034392
0 0.964542 0.904101 0.033767 0.046296
0 0.743125 0.498677 0.028943 0.044974
0 0.635069 0.710979 0.042450 0.041005
0 0.573323 0.729497 0.036662 0.059524
0 0.510130 0.753307 0.053063 0.025132
0 0.173904 0.811508 0.111915 0.064815
0 0.201400 0.095899 0.076218 0.080688
0 0.780269 0.217593 0.033767 0.046296