0 0.328483 0.556878 0.067901 0.150794
0 0.430776 0.289683 0.067901 0.071429
0 0.414903 0.462302 0.041446 0.107143
0 0.382275 0.676587 0.039683 0.054233
0 0.643739 0.311508 0.072310 0.115079
0 0.505291 0.263889 0.049383 0.041005
0 0.532628 0.307540 0.042328 0.041005
0 0.550705 0.234127 0.039683 0.047619
0 0.390653 0.246032 0.091711 0.060847
2 0.381393 0.373677 0.119048 0.146825
2 0.496032 0.721561 0.087302 0.112434
2 0.606702 0.756614 0.081129 0.100529
2 0.542769 0.523148 0.343034 0.440476
3 0.529982 0.468254 0.589065 0.698413