3 0.411682 0.464947 0.773896 0.869048
0 0.517791 0.313492 0.322774 0.357143
0 0.381183 0.381614 0.100390 0.170635
0 0.419306 0.588624 0.156304 0.156085
0 0.279522 0.300926 0.067351 0.138889
0 0.601026 0.613757 0.044477 0.060847
0 0.102250 0.521164 0.035581 0.037037
0 0.110510 0.568122 0.024145 0.017196
0 0.159435 0.624339 0.027957 0.039683
0 0.266815 0.572090 0.036852 0.067460
0 0.479668 0.724868 0.017791 0.031746
0 0.677272 0.233466 0.029228 0.033069
0 0.703958 0.214947 0.036852 0.054233
0 0.328447 0.142196 0.015249 0.035714
0 0.328447 0.236111 0.017791 0.035714
0 0.342425 0.103836 0.020332 0.025132