3 0.075732 0.169974 0.102646 0.133598
3 0.214303 0.169312 0.112910 0.142857
3 0.363995 0.162698 0.094092 0.174603
3 0.505988 0.169312 0.100935 0.166667
3 0.636861 0.164021 0.082116 0.145503
3 0.768589 0.156746 0.088959 0.183862
3 0.908871 0.159392 0.119753 0.167989
3 0.910582 0.354497 0.095802 0.134921
3 0.774577 0.353836 0.107778 0.175926
3 0.629162 0.355159 0.114621 0.162698
3 0.273951 0.310185 0.547901 0.067460
3 0.306684 0.415344 0.102646 0.105820
3 0.131332 0.563492 0.217266 0.066138
3 0.244242 0.644841 0.391764 0.067460
3 0.543624 0.654101 0.141993 0.120370
3 0.545335 0.512566 0.159101 0.112434
3 0.724109 0.514550 0.153968 0.111111
3 0.894330 0.509921 0.145414 0.112434
3 0.895185 0.656085 0.143704 0.121693
3 0.712134 0.654762 0.171076 0.119048
3 0.712134 0.783730 0.123175 0.080688
3 0.886631 0.787698 0.157390 0.107143
3 0.878933 0.899471 0.124885 0.089947
3 0.711279 0.899471 0.121464 0.095238
3 0.555600 0.900132 0.128307 0.083333
3 0.554744 0.782407 0.095802 0.091270
3 0.253651 0.734127 0.461905 0.058201
3 0.249374 0.808862 0.449929 0.051587
3 0.249374 0.897487 0.460194 0.091270