1 0.231331 0.293651 0.110390 0.219336
1 0.116477 0.146465 0.125812 0.251082
1 0.271510 0.076840 0.129058 0.153680
1 0.538555 0.076840 0.135552 0.153680
1 0.910714 0.084776 0.116883 0.169552
1 0.900974 0.254690 0.118506 0.248196
1 0.800325 0.223665 0.116883 0.246753
1 0.722403 0.360029 0.134740 0.219336
1 0.653815 0.218615 0.117695 0.236652
1 0.757711 0.570707 0.135552 0.233766
1 0.646916 0.618326 0.123377 0.259740
1 0.557630 0.632756 0.126623 0.204906
1 0.528815 0.475469 0.116071 0.219336
1 0.538555 0.348485 0.101461 0.227994
1 0.478490 0.352092 0.106331 0.212121
1 0.384740 0.364358 0.103896 0.259740
1 0.383117 0.797980 0.112013 0.261183
1 0.299107 0.777778 0.101461 0.243867
1 0.580763 0.938312 0.130682 0.123376
1 0.178977 0.569264 0.116071 0.219336
1 0.110390 0.778499 0.118506 0.222222