2 0.700427 0.385582 0.211905 0.287037
2 0.425392 0.472222 0.361121 0.388889
2 0.205541 0.563492 0.202192 0.298942
2 0.194945 0.372354 0.135089 0.207672
2 0.074425 0.407407 0.097123 0.166667
2 0.155213 0.289683 0.064454 0.103175
2 0.691156 0.116402 0.059157 0.063492
2 0.457619 0.219577 0.060040 0.068783
3 0.466890 0.518519 0.779633 0.735450
3 0.417445 0.420635 0.717827 0.769841
3 0.088552 0.402778 0.174821 0.347884
0 0.379479 0.130952 0.025605 0.031746
0 0.561806 0.392196 0.044147 0.043651
0 0.659370 0.203704 0.018542 0.034392
0 0.563130 0.186508 0.039732 0.039683
0 0.615665 0.183862 0.031786 0.034392
0 0.516776 0.193783 0.038849 0.038360
0 0.532227 0.320767 0.032669 0.025132
0 0.508388 0.287037 0.018542 0.015873
0 0.726032 0.212302 0.022956 0.043651
0 0.252336 0.240079 0.018542 0.019841
0 0.279707 0.247354 0.022073 0.023810
0 0.225407 0.768519 0.022956 0.031746
0 0.157862 0.771825 0.032669 0.041005
0 0.092525 0.664683 0.013244 0.035714
0 0.074425 0.615741 0.021190 0.035714
0 0.238209 0.415344 0.022073 0.037037
0 0.546354 0.093254 0.013244 0.025132
0 0.544588 0.128968 0.025605 0.027778
0 0.423185 0.120370 0.030020 0.031746
0 0.413914 0.150132 0.027371 0.033069
0 0.459826 0.298280 0.011478 0.030423
0 0.168016 0.703704 0.022956 0.039683
0 0.148150 0.713624 0.020308 0.025132
0 0.146825 0.626323 0.022956 0.043651
0 0.161835 0.599206 0.021190 0.018519
0 0.202450 0.541005 0.045913 0.068783