3 0.395586 0.344577 0.640581 0.533069
3 0.460349 0.448413 0.697855 0.666667
3 0.584588 0.585317 0.761296 0.694444
2 0.448454 0.503968 0.427348 0.447090
2 0.379726 0.327381 0.448495 0.326720
2 0.342278 0.171958 0.056392 0.063492
0 0.814123 0.429233 0.157722 0.144180
0 0.857739 0.394180 0.038770 0.042328
0 0.692086 0.242063 0.061679 0.055556
0 0.690765 0.324735 0.037889 0.035714
0 0.252403 0.746032 0.066966 0.145503
0 0.328620 0.822751 0.053749 0.047619
0 0.184996 0.662037 0.046700 0.056878
0 0.114065 0.328704 0.028196 0.048942