0 0.507174 0.614418 0.023913 0.038360
0 0.450740 0.650132 0.020087 0.033069
0 0.645390 0.210317 0.032521 0.031746
0 0.601391 0.183862 0.022956 0.015873
0 0.634390 0.117063 0.025826 0.027778
0 0.638216 0.090608 0.018174 0.022487
0 0.664999 0.038360 0.035391 0.042328
0 0.626738 0.049603 0.025826 0.022487
0 0.591825 0.085979 0.038261 0.037037
0 0.397175 0.050265 0.025826 0.023810
0 0.245567 0.367725 0.021043 0.042328
0 0.124568 0.206349 0.048782 0.031746
0 0.712346 0.012566 0.036348 0.022487
0 0.306306 0.274471 0.025826 0.033069
0 0.309175 0.316799 0.023913 0.041005
0 0.295784 0.395503 0.020087 0.039683
0 0.309175 0.214947 0.027739 0.027778
0 0.304871 0.138889 0.044000 0.029101
0 0.439261 0.093254 0.041130 0.030423
0 0.402914 0.124339 0.031565 0.031746
2 0.547826 0.393519 0.380693 0.345238
2 0.748694 0.173280 0.208520 0.283069
2 0.771172 0.031085 0.069826 0.062169
2 0.393349 0.254630 0.109999 0.223545
2 0.220219 0.212963 0.121477 0.158730
2 0.161872 0.104497 0.219042 0.208994
2 0.528695 0.020503 0.082260 0.041005
2 0.493304 0.164683 0.055478 0.072751
2 0.276176 0.449735 0.175999 0.156085
3 0.598999 0.391534 0.505996 0.783068
3 0.388088 0.257937 0.602604 0.515873
3 0.239828 0.144180 0.351997 0.288360