0 0.552910 0.619709 0.119929 0.329365
0 0.479277 0.455688 0.050265 0.080688
0 0.468254 0.373677 0.052910 0.088624
0 0.438272 0.404101 0.088183 0.101852
0 0.644180 0.621032 0.103175 0.123016
0 0.593034 0.505952 0.060847 0.078042
0 0.536596 0.412698 0.069665 0.105820
0 0.312610 0.512566 0.108466 0.115079
0 0.371252 0.694444 0.294533 0.248677
0 0.156526 0.540344 0.244268 0.239418
0 0.279982 0.349868 0.044974 0.075397
0 0.164021 0.107804 0.091711 0.091270
0 0.131393 0.326058 0.061728 0.070106
0 0.077160 0.254630 0.062610 0.080688
0 0.045414 0.175265 0.062610 0.091270
0 0.091270 0.176587 0.073192 0.064815
0 0.022487 0.055556 0.044974 0.111111
0 0.034392 0.778439 0.068783 0.181217
0 0.025132 0.576058 0.050264 0.109788
0 0.587743 0.829365 0.078483 0.079365
0 0.548501 0.931217 0.045855 0.076720
0 0.605820 0.945767 0.104056 0.089947
0 0.672840 0.873016 0.047619 0.124339
0 0.749559 0.785714 0.118166 0.161376
0 0.436508 0.880952 0.082892 0.079365
0 0.186949 0.848545 0.105820 0.144180
0 0.208554 0.696429 0.085538 0.107143
0 0.116843 0.789683 0.041446 0.063492
0 0.044533 0.962302 0.071429 0.075396
0 0.386684 0.271825 0.041446 0.075397
0 0.222663 0.335979 0.036155 0.068783
0 0.264991 0.147487 0.041446 0.078042
0 0.503527 0.332672 0.042328 0.048942
0 0.443122 0.296958 0.067901 0.088624
3 0.492063 0.500000 0.984126 1.000000