3 0.659921 0.572751 0.369048 0.632275
3 0.359301 0.621032 0.361359 0.601852
1 0.257688 0.753307 0.515376 0.493386
0 0.602257 0.524471 0.035367 0.051587
0 0.654539 0.529762 0.044593 0.038360
0 0.733730 0.538360 0.052282 0.039683
0 0.656845 0.351190 0.070734 0.041005
0 0.666840 0.421958 0.029216 0.042328
0 0.726811 0.429233 0.053819 0.070106
0 0.576116 0.624339 0.127629 0.068783
0 0.584573 0.690476 0.058433 0.047619
0 0.549206 0.751323 0.061508 0.063492
0 0.659921 0.730159 0.061508 0.039683
0 0.682986 0.771825 0.024603 0.033069
0 0.658383 0.828042 0.064583 0.063492
0 0.559201 0.832672 0.090724 0.075397
0 0.622247 0.582011 0.047669 0.026455
0 0.593800 0.440476 0.070734 0.071429
0 0.707589 0.478836 0.064583 0.044974
0 0.726042 0.599868 0.098413 0.078042
0 0.684524 0.313492 0.098413 0.071429
0 0.634549 0.282407 0.044593 0.027778
0 0.599182 0.291667 0.044593 0.030423
0 0.702207 0.786376 0.053819 0.075397