0 0.694083 0.133598 0.097510 0.068783
0 0.330764 0.164021 0.059069 0.079365
0 0.375768 0.132937 0.049693 0.064815
0 0.278727 0.039683 0.046880 0.079365
0 0.481248 0.105159 0.056256 0.056878
0 0.560006 0.036376 0.091885 0.054233
0 0.287165 0.240079 0.048755 0.038360
0 0.678612 0.833995 0.079696 0.112434
0 0.305917 0.774471 0.061881 0.099206
0 0.402490 0.708995 0.101261 0.103175
0 0.276852 0.573413 0.039379 0.043651
0 0.287634 0.679233 0.077821 0.093915
0 0.545473 0.695106 0.064694 0.101852
0 0.718460 0.535053 0.045005 0.070106
0 0.319044 0.470899 0.090009 0.042328
0 0.557662 0.892196 0.087197 0.115079
0 0.304511 0.295635 0.055318 0.085979
0 0.685644 0.196429 0.018752 0.030423
3 0.537973 0.177249 0.636629 0.354497
3 0.529534 0.616402 0.726638 0.671958
3 0.543129 0.867063 0.675070 0.265873