3 0.325477 0.504630 0.650953 0.882275
3 0.798286 0.755952 0.403427 0.228836
0 0.339202 0.562169 0.051568 0.068783
0 0.309199 0.365741 0.045942 0.115079
0 0.233254 0.459656 0.047817 0.117725
0 0.480310 0.416005 0.071257 0.059524
0 0.468122 0.367725 0.052505 0.060847
0 0.486405 0.313492 0.055318 0.063492
0 0.486874 0.264550 0.033754 0.050265
0 0.396396 0.684524 0.021565 0.030423
0 0.378112 0.732804 0.035629 0.037037
0 0.527190 0.829365 0.035629 0.034392
0 0.517346 0.511905 0.070320 0.047619
0 0.449839 0.478175 0.068445 0.051587
0 0.380925 0.367063 0.031878 0.056878
0 0.255756 0.814815 0.053443 0.108466
0 0.281071 0.703042 0.019690 0.027778
0 0.247318 0.735450 0.027190 0.044974
0 0.432024 0.803571 0.036566 0.030423
0 0.412803 0.865079 0.039379 0.063492
0 0.925200 0.768519 0.036566 0.050265
0 0.597510 0.546296 0.026253 0.042328
0 0.394989 0.436508 0.022502 0.037037
0 0.405771 0.309524 0.015939 0.037037
0 0.402959 0.267857 0.025315 0.027778
0 0.430618 0.318122 0.016877 0.033069
0 0.347172 0.317460 0.028128 0.050265
0 0.281540 0.503307 0.033754 0.043651