0 0.280754 0.771825 0.082451 0.062169
0 0.296682 0.647487 0.110560 0.088624
0 0.568397 0.700397 0.058091 0.059524
0 0.608686 0.769841 0.059965 0.068783
0 0.812004 0.786376 0.039352 0.056878
0 0.861662 0.810185 0.056217 0.070106
0 0.644290 0.276455 0.101190 0.134921
0 0.578704 0.372354 0.097443 0.054233
0 0.467207 0.417989 0.069334 0.052910
0 0.372575 0.330688 0.082451 0.042328
0 0.340719 0.351852 0.082451 0.044974
0 0.225474 0.340608 0.069334 0.035714
0 0.662092 0.194444 0.058091 0.052910
0 0.795139 0.652778 0.050595 0.043651
0 0.785769 0.603836 0.118056 0.064815
0 0.880401 0.629630 0.097443 0.111111
0 0.938492 0.757937 0.059965 0.047619
0 0.947862 0.909392 0.048721 0.046296
0 0.223600 0.871693 0.114308 0.068783
0 0.094301 0.789683 0.058091 0.042328
0 0.080247 0.718254 0.097443 0.063492
0 0.416612 0.858466 0.054343 0.042328
0 0.406305 0.705026 0.119929 0.121693
0 0.469081 0.818783 0.043100 0.050265
0 0.574956 0.859127 0.063713 0.038360
0 0.509369 0.561508 0.041226 0.033069
0 0.143022 0.420635 0.095569 0.060847
0 0.102734 0.344577 0.101190 0.059524
0 0.836365 0.362434 0.125551 0.052910
3 0.500000 0.244048 1.000000 0.488095
3 0.500000 0.755952 1.000000 0.485450