3 0.476560 0.750000 0.710699 0.500000
3 0.549693 0.283730 0.800708 0.567460
3 0.161866 0.529101 0.323732 0.941798
0 0.364048 0.798280 0.058131 0.083333
0 0.274977 0.654762 0.065632 0.092593
0 0.211689 0.705026 0.029066 0.031746
0 0.247318 0.716931 0.030941 0.060847
0 0.669236 0.761243 0.049693 0.091270
0 0.505157 0.933862 0.064694 0.084656
0 0.554381 0.191138 0.061881 0.109788
0 0.360767 0.097884 0.040317 0.068783
0 0.709084 0.314153 0.041254 0.080688
0 0.071518 0.601852 0.060006 0.068783
0 0.737212 0.732143 0.039379 0.062169