3 0.537000 0.494709 0.613143 0.796296
3 0.133714 0.593915 0.267428 0.518519
2 0.164357 0.667989 0.158571 0.113757
2 0.137048 0.542989 0.197333 0.125661
2 0.104012 0.769180 0.199976 0.133598
2 0.375345 0.724868 0.039643 0.320106
2 0.302226 0.772487 0.129500 0.222222
2 0.420714 0.693783 0.042286 0.257937
2 0.451107 0.673942 0.046690 0.210317
2 0.505726 0.312169 0.439595 0.365079
2 0.681917 0.492725 0.106595 0.273810
2 0.518940 0.582011 0.059024 0.277778
2 0.565190 0.547619 0.084571 0.288360
2 0.637869 0.574735 0.039643 0.062169
2 0.608798 0.658069 0.030833 0.035714
2 0.767369 0.311508 0.029071 0.083333
2 0.748429 0.349868 0.026429 0.125661
2 0.747548 0.216931 0.029952 0.063492
2 0.487667 0.667328 0.037000 0.152116