3 0.445821 0.327381 0.275738 0.321429
3 0.633905 0.221561 0.186762 0.231481
3 0.314560 0.800265 0.150643 0.206349
3 0.159952 0.656746 0.142714 0.149471
3 0.231750 0.552249 0.046690 0.088624
3 0.084821 0.780423 0.169642 0.142857
3 0.380631 0.650132 0.027310 0.080688
3 0.416750 0.685847 0.029071 0.046296
3 0.408381 0.767857 0.072238 0.149471
3 0.433048 0.605820 0.019381 0.068783
3 0.455071 0.650794 0.021143 0.047619
3 0.487667 0.648148 0.033476 0.121693
3 0.515857 0.572090 0.021143 0.030423
3 0.511452 0.542989 0.017619 0.017196
3 0.547131 0.617725 0.023786 0.026455
3 0.591619 0.370370 0.047571 0.105820
3 0.652845 0.470899 0.057262 0.063492
3 0.663857 0.384921 0.044048 0.063492
3 0.589417 0.558201 0.030833 0.066138
3 0.626417 0.564153 0.020262 0.038360
3 0.606595 0.649471 0.021143 0.042328
3 0.547131 0.519841 0.023786 0.052910
3 0.533476 0.549603 0.024667 0.048942
3 0.511012 0.635582 0.023786 0.033069
3 0.527971 0.600592 0.033560 0.027085
3 0.559223 0.552091 0.015522 0.028345
3 0.518112 0.488788 0.012166 0.013857
3 0.438827 0.527211 0.013005 0.021416
3 0.351990 0.525636 0.010488 0.013228
3 0.448284 0.715064 0.016064 0.012449
3 0.517465 0.430283 0.014510 0.023343
3 0.528088 0.411220 0.026429 0.045907
3 0.435329 0.421724 0.022283 0.024899
3 0.771387 0.313181 0.015546 0.028789
3 0.697333 0.312831 0.021143 0.041005
3 0.505286 0.374339 0.022905 0.031746
3 0.471810 0.469577 0.022905 0.029101