3 0.507949 0.333995 0.506989 0.660053
3 0.620565 0.722884 0.428379 0.503968
0 0.763652 0.689153 0.050346 0.097884
0 0.682834 0.623016 0.067127 0.095238
0 0.541955 0.822751 0.025614 0.044974
0 0.541955 0.787698 0.020315 0.027778
0 0.499117 0.786376 0.030031 0.035714
0 0.464670 0.761243 0.022965 0.033069
0 0.445680 0.593915 0.030914 0.031746
0 0.626306 0.466270 0.026498 0.027778
0 0.649270 0.457011 0.030031 0.051587
0 0.643088 0.522487 0.045929 0.037037
0 0.644412 0.724868 0.029147 0.031746
0 0.628072 0.767196 0.028264 0.039683
0 0.577285 0.728175 0.039747 0.054233
0 0.608199 0.683201 0.080376 0.078042
0 0.686367 0.758598 0.024731 0.046296
0 0.755261 0.531085 0.042396 0.033069
0 0.761886 0.572090 0.057412 0.043651
0 0.774251 0.615079 0.085676 0.055556
0 0.691667 0.499339 0.065361 0.062169
0 0.536214 0.525132 0.024731 0.047619
0 0.350730 0.558201 0.017665 0.047619
0 0.475269 0.876984 0.044163 0.060847
0 0.538422 0.908730 0.041513 0.050265
0 0.621889 0.843915 0.083026 0.121693
0 0.583468 0.896164 0.025614 0.035714
0 0.534447 0.738757 0.044163 0.070106
0 0.663844 0.691799 0.027381 0.031746
0 0.721256 0.680556 0.036214 0.043651
0 0.690342 0.808862 0.023848 0.035714
0 0.673560 0.849868 0.030914 0.022487
0 0.418299 0.549603 0.050346 0.083333
0 0.376786 0.621693 0.090975 0.052910
0 0.459370 0.806217 0.028264 0.030423
0 0.597600 0.579365 0.045046 0.021164