1 0.560449 0.419974 0.247552 0.398148
1 0.741315 0.177249 0.236997 0.354497
1 0.661197 0.729497 0.214929 0.342593
1 0.859814 0.786376 0.241795 0.263228
1 0.283632 0.283069 0.240835 0.264550
1 0.439072 0.074074 0.129533 0.148148
1 0.136348 0.763228 0.188063 0.227513
3 0.565775 0.453042 0.868449 0.906084
0 0.810879 0.427249 0.159278 0.171958
0 0.937054 0.669312 0.116100 0.126984
0 0.790730 0.632275 0.115140 0.116402
0 0.296106 0.066138 0.125695 0.132275
0 0.722605 0.033069 0.063327 0.066138
0 0.578679 0.070106 0.046056 0.063492
0 0.594031 0.202381 0.134330 0.171958
0 0.325370 0.167989 0.069084 0.111111
0 0.965409 0.553571 0.069182 0.112434
0 0.731240 0.404101 0.205334 0.313492
0 0.433794 0.249339 0.170792 0.226190
0 0.495682 0.705688 0.058530 0.056878
0 0.528305 0.824074 0.071963 0.087302