0 0.316964 0.704840 0.052760 0.150024
0 0.264205 0.564914 0.041396 0.115403
0 0.308847 0.543997 0.033279 0.044719
0 0.356331 0.383155 0.038961 0.092322
0 0.319399 0.430758 0.046266 0.086552
0 0.192776 0.603862 0.085227 0.193300
0 0.199675 0.424267 0.030844 0.047604
0 0.107549 0.386761 0.038149 0.053374
0 0.070617 0.305979 0.038961 0.085110
0 0.100244 0.277850 0.052760 0.089437
0 0.139205 0.187691 0.049513 0.073569
0 0.176948 0.144415 0.074675 0.131271
0 0.264610 0.228804 0.030844 0.083667
0 0.035714 0.473313 0.037338 0.076454
0 0.515828 0.543997 0.072240 0.105305
0 0.538555 0.419939 0.075487 0.082224
0 0.510958 0.867125 0.099838 0.212053
0 0.717127 0.712053 0.062500 0.129828
0 0.715503 0.470428 0.057630 0.096650
0 0.742289 0.414169 0.049513 0.062029
0 0.716721 0.567078 0.058442 0.056259
0 0.806412 0.666613 0.078734 0.142811
0 0.773539 0.556259 0.061688 0.175989
0 0.864042 0.515147 0.067370 0.177432
0 0.948864 0.531014 0.051948 0.212053
0 0.365666 0.504328 0.033279 0.049046
3 0.864042 0.587273 0.271916 0.630387
3 0.652597 0.642531 0.266234 0.714938
3 0.488636 0.656235 0.217532 0.687529
3 0.355114 0.621894 0.320617 0.667893
3 0.250406 0.626943 0.288149 0.721267
3 0.146510 0.287947 0.293019 0.542393
3 0.189123 0.519474 0.295455 0.465939
3 0.582792 0.176431 0.834416 0.352862