3 0.164773 0.675989 0.147727 0.282737
3 0.104302 0.461052 0.044643 0.077897
3 0.135146 0.375221 0.044643 0.056259
3 0.119724 0.255490 0.067370 0.076454
3 0.074675 0.597371 0.037338 0.067799
3 0.049107 0.747395 0.033279 0.041833
3 0.078734 0.774803 0.045455 0.053374
3 0.319399 0.696906 0.038149 0.108190
3 0.282873 0.705561 0.023539 0.033178
3 0.274351 0.795720 0.021104 0.046161
3 0.320617 0.320404 0.035714 0.067799
3 0.351461 0.549046 0.038961 0.233691
3 0.311282 0.823128 0.090097 0.124058
3 0.108360 0.520195 0.033279 0.072127
4 0.819805 0.456724 0.360390 0.839555
0 0.774756 0.339157 0.168019 0.142811
0 0.933036 0.334109 0.077110 0.233691