0 0.310471 0.199953 0.104708 0.161564
0 0.304789 0.372336 0.056006 0.064914
0 0.464286 0.047044 0.017857 0.054816
0 0.511364 0.194183 0.025974 0.083667
0 0.496753 0.250442 0.032468 0.049046
0 0.488231 0.352140 0.033279 0.059144
0 0.527192 0.322568 0.030032 0.063472
0 0.584416 0.267031 0.060065 0.154351
0 0.547484 0.185528 0.021916 0.034621
0 0.515016 0.034061 0.036526 0.046161
0 0.558036 0.039110 0.025162 0.053374
0 0.384334 0.090320 0.054383 0.051931
0 0.360390 0.111237 0.037338 0.064914
0 0.278003 0.415612 0.041396 0.073569
0 0.233766 0.516589 0.061688 0.076454
0 0.192370 0.513704 0.043831 0.073569
0 0.173701 0.428595 0.037338 0.073569
0 0.143669 0.303815 0.053571 0.095207
0 0.211445 0.230967 0.065747 0.090880
0 0.358360 0.413448 0.023539 0.046161
0 0.392045 0.398301 0.019481 0.036063
0 0.400974 0.256212 0.035714 0.046161
0 0.390422 0.158841 0.022727 0.036063
0 0.444399 0.120614 0.026786 0.040391
0 0.568994 0.097533 0.045455 0.077897
0 0.515016 0.119892 0.060877 0.067799
0 0.460227 0.525966 0.047078 0.063472
0 0.580357 0.581503 0.048701 0.085110
0 0.628247 0.614681 0.089286 0.122615
0 0.546266 0.596650 0.045455 0.066357
0 0.499188 0.542555 0.079545 0.119730
0 0.592938 0.474034 0.094968 0.100977
0 0.700081 0.621894 0.044643 0.090880
0 0.491071 0.676710 0.032468 0.047604
0 0.461851 0.709167 0.069805 0.086552
0 0.418019 0.688972 0.056818 0.060586
0 0.394075 0.576454 0.034903 0.066357
0 0.375812 0.594486 0.037338 0.044719
0 0.343750 0.611075 0.030032 0.046161
0 0.282468 0.670219 0.066558 0.054816
0 0.242289 0.760377 0.067370 0.113960
0 0.257711 0.860634 0.025162 0.046161
0 0.235390 0.903910 0.024351 0.051931
0 0.306412 0.836110 0.060877 0.121173
0 0.402597 0.881550 0.043831 0.073569
0 0.396916 0.760377 0.079545 0.087995
0 0.317370 0.733691 0.042208 0.043276
0 0.433847 0.584388 0.023539 0.033178
0 0.576705 0.700512 0.114448 0.135598
0 0.497159 0.863519 0.085227 0.086552
0 0.362013 0.875059 0.027597 0.069242
3 0.392045 0.352420 0.662338 0.704840
3 0.437906 0.692299 0.596591 0.615402
1 0.530032 0.886319 0.277597 0.227361