3 0.302083 0.447751 0.409722 0.511905
3 0.580853 0.481481 0.520833 0.534392
0 0.589782 0.673942 0.040675 0.059524
0 0.567460 0.522487 0.049603 0.124339
0 0.620040 0.474206 0.039683 0.088624
0 0.730655 0.506614 0.131944 0.105820
0 0.638889 0.653439 0.055556 0.076720
0 0.719246 0.664021 0.039683 0.095238
0 0.779266 0.591931 0.048611 0.064815
0 0.645337 0.591270 0.074405 0.097884
0 0.449901 0.617725 0.038690 0.047619
0 0.458829 0.523810 0.080357 0.074074
0 0.409226 0.581349 0.042659 0.059524
0 0.499504 0.593915 0.034722 0.074074
0 0.284226 0.337963 0.118056 0.144180
0 0.144345 0.452381 0.104167 0.148148
0 0.234623 0.548942 0.042659 0.063492
0 0.285218 0.490079 0.058532 0.085979
0 0.390377 0.371693 0.038690 0.074074
0 0.359623 0.228836 0.080357 0.058201
0 0.471726 0.281085 0.046627 0.059524
0 0.382440 0.302910 0.046627 0.039683
0 0.375992 0.644180 0.041667 0.079365
0 0.464286 0.685847 0.077381 0.067460