3 0.409207 0.422619 0.728111 0.279101
3 0.735896 0.548280 0.528208 0.443122
0 0.368658 0.352513 0.096964 0.101852
0 0.294613 0.369709 0.082860 0.107143
0 0.155338 0.429233 0.082860 0.056878
0 0.217923 0.392857 0.066993 0.097884
0 0.409207 0.422619 0.058178 0.038360
0 0.582860 0.355820 0.070519 0.050265
0 0.462977 0.334656 0.141038 0.084656
0 0.588149 0.311508 0.035260 0.011905
0 0.647209 0.334656 0.051126 0.031746
0 0.668365 0.392857 0.104016 0.063492
0 0.416258 0.468915 0.153379 0.035714
0 0.278746 0.495370 0.153379 0.038360
0 0.293731 0.449735 0.165720 0.034392
0 0.092752 0.467593 0.084623 0.085979