0 0.220238 0.271825 0.069444 0.136243
0 0.306052 0.244048 0.108135 0.109788
0 0.406250 0.224206 0.078373 0.144180
0 0.522321 0.266534 0.104167 0.247354
0 0.471726 0.230820 0.040675 0.120370
0 0.657242 0.281085 0.171627 0.165344
0 0.737103 0.372354 0.069444 0.104497
0 0.788194 0.305556 0.036706 0.055556
0 0.839782 0.383598 0.056548 0.087302
0 0.507937 0.427910 0.069444 0.091270
0 0.330357 0.372354 0.186508 0.072751
0 0.832341 0.489418 0.037698 0.060847
0 0.784226 0.485450 0.028770 0.050265
0 0.844246 0.542989 0.073413 0.083333
0 0.644841 0.446429 0.035714 0.046296
0 0.125496 0.317460 0.108135 0.140212
0 0.472718 0.500661 0.124008 0.070106
0 0.305556 0.490741 0.154762 0.079365
0 0.541667 0.553571 0.081349 0.056878
0 0.667163 0.482143 0.034722 0.033069
0 0.595734 0.458333 0.048611 0.043651
0 0.184028 0.398810 0.082341 0.059524
0 0.192956 0.460979 0.020833 0.030423
0 0.730159 0.540344 0.059524 0.046296
0 0.446429 0.369048 0.015873 0.026455
0 0.443948 0.421958 0.024802 0.023810
0 0.573413 0.414021 0.025794 0.026455
0 0.622520 0.399471 0.028770 0.023810
0 0.722222 0.451058 0.027778 0.029101
0 0.667659 0.423942 0.027778 0.041005
0 0.733135 0.477513 0.041667 0.042328
0 0.798611 0.382937 0.019841 0.038360
0 0.930060 0.504630 0.014881 0.059524
0 0.895337 0.451058 0.018849 0.018519
0 0.890377 0.402116 0.034722 0.042328
0 0.914683 0.554894 0.025794 0.046296
0 0.352183 0.441799 0.134921 0.092593
0 0.253472 0.415344 0.030754 0.023810
0 0.651290 0.519180 0.114087 0.112434
0 0.775298 0.532407 0.036706 0.072751
0 0.865079 0.486772 0.023810 0.026455
3 0.491567 0.386905 0.935516 0.556878