0 0.458189 0.516534 0.018485 0.035714
0 0.473153 0.507275 0.018485 0.035714
0 0.427821 0.554894 0.022886 0.051587
0 0.445426 0.578042 0.017605 0.031746
0 0.436623 0.418651 0.012323 0.038360
0 0.451587 0.377646 0.010563 0.035714
0 0.464351 0.371693 0.014964 0.031746
0 0.549293 0.330688 0.014084 0.039683
0 0.514524 0.422619 0.009683 0.030423
0 0.502641 0.455026 0.015844 0.031746
0 0.503081 0.525794 0.013203 0.022487
0 0.510563 0.275132 0.029928 0.058201
0 0.319553 0.350529 0.028167 0.037037
0 0.360483 0.220899 0.020245 0.039683
0 0.366205 0.173280 0.015844 0.034392
0 0.424300 0.107804 0.019365 0.030423
0 0.524206 0.211640 0.025527 0.058201
0 0.617511 0.324735 0.018485 0.033069
0 0.561616 0.462302 0.040491 0.083333
0 0.613550 0.279762 0.024646 0.043651
0 0.653160 0.247354 0.014084 0.039683
0 0.581861 0.194444 0.026407 0.047619
0 0.612229 0.173280 0.016724 0.039683
0 0.676486 0.173280 0.007922 0.018519
0 0.689690 0.163360 0.011443 0.033069
0 0.407136 0.189815 0.023766 0.027778
3 0.393492 0.260582 0.239423 0.470899
3 0.458629 0.328042 0.286955 0.534392
3 0.540931 0.404762 0.301919 0.624339
3 0.746025 0.544312 0.470924 0.829365