2 0.189737 0.434524 0.076473 0.075397
2 0.081582 0.454365 0.113617 0.107143
2 0.085952 0.636243 0.170426 0.161376
2 0.016210 0.775794 0.032420 0.157407
2 0.113264 0.810185 0.124542 0.218254
2 0.072296 0.933201 0.095045 0.133598
2 0.287514 0.582672 0.171519 0.178571
2 0.675342 0.786376 0.311355 0.427248
2 0.668787 0.430556 0.114710 0.130952
2 0.698284 0.339947 0.134374 0.132275
2 0.572103 0.293651 0.187906 0.137566
2 0.649123 0.205026 0.123450 0.105820
2 0.515841 0.134921 0.123450 0.084656
2 0.470503 0.078042 0.124542 0.068783
2 0.394576 0.265873 0.097230 0.079365
2 0.265664 0.039683 0.077566 0.060847
2 0.160240 0.065476 0.076473 0.075397
2 0.064103 0.107143 0.076473 0.052910
2 0.040791 0.026455 0.081582 0.052910
2 0.826104 0.201058 0.191183 0.240741
2 0.735428 0.027116 0.123450 0.054232
2 0.942452 0.356481 0.093953 0.152116
2 0.959209 0.578704 0.081582 0.157407
3 0.464671 0.500000 0.929342 1.000000
3 0.735975 0.490079 0.526573 0.980158