2 0.589815 0.660053 0.631665 0.404762
0 0.426964 0.476852 0.146072 0.115079
0 0.438314 0.357143 0.072049 0.044974
0 0.528622 0.427910 0.057245 0.085979
0 0.670253 0.392196 0.212200 0.112434
0 0.797573 0.424603 0.111528 0.066138
0 0.941672 0.353836 0.077971 0.115079
0 0.956476 0.432540 0.066127 0.108466
0 0.980952 0.589286 0.038095 0.152116
0 0.365278 0.699735 0.058232 0.074074
0 0.343564 0.754630 0.060206 0.064815
0 0.392913 0.842593 0.054284 0.060847
0 0.467923 0.856481 0.052310 0.051587
0 0.561686 0.872354 0.068101 0.067460
0 0.124456 0.519841 0.038492 0.066138
0 0.228582 0.468254 0.047375 0.082011
0 0.171337 0.571429 0.118437 0.134921
0 0.648540 0.758598 0.048362 0.062169
0 0.392913 0.605820 0.056258 0.029101
0 0.716641 0.525132 0.040466 0.037037
0 0.742303 0.676587 0.048362 0.048942
3 0.522009 0.574735 0.955982 0.736772