0 0.431878 0.336640 0.226190 0.173280
0 0.384921 0.582672 0.111111 0.326720
0 0.279762 0.583995 0.099206 0.376984
0 0.228836 0.609788 0.063492 0.108466
0 0.167989 0.562831 0.129630 0.234127
0 0.558862 0.436508 0.117725 0.100529
0 0.512566 0.666667 0.128307 0.182540
0 0.638228 0.635582 0.112434 0.273810
0 0.726852 0.632937 0.109788 0.160053
0 0.826720 0.658730 0.145503 0.119048
0 0.783730 0.406085 0.144180 0.145503
0 0.891534 0.502646 0.111111 0.105820
0 0.642857 0.303571 0.224868 0.144180
0 0.696429 0.425926 0.210317 0.187831
0 0.583333 0.156746 0.121693 0.088624
0 0.712963 0.223545 0.166667 0.177249
0 0.851190 0.312169 0.136243 0.153439
0 0.535053 0.923942 0.138889 0.125661
0 0.396164 0.941799 0.099206 0.116402
0 0.292989 0.939815 0.062169 0.120370
0 0.239418 0.845238 0.087302 0.058201
0 0.187831 0.933201 0.113757 0.133598
0 0.669974 0.937169 0.123016 0.125661
0 0.760582 0.963624 0.129630 0.072751
0 0.260582 0.204365 0.066138 0.056878
0 0.419312 0.053571 0.105820 0.051587
0 0.283069 0.115741 0.023810 0.080688
0 0.416667 0.181878 0.058201 0.043651
0 0.960979 0.610450 0.078042 0.205026
0 0.080688 0.451720 0.068783 0.054233
3 0.500000 0.513228 1.000000 0.648148
3 0.505291 0.893519 0.989418 0.212962
3 0.568783 0.191138 0.828042 0.382275