1 0.670871 0.103175 0.658258 0.206349
3 0.561036 0.380952 0.877928 0.542328
3 0.430697 0.707011 0.861394 0.464286
3 0.370465 0.867063 0.740930 0.265873
0 0.341742 0.698413 0.113379 0.042328
0 0.069303 0.667328 0.138605 0.136243
0 0.161045 0.818122 0.111017 0.046296
0 0.345285 0.873677 0.101568 0.043651
0 0.461026 0.861111 0.068500 0.037037
0 0.538974 0.832011 0.087396 0.037037
0 0.133881 0.910714 0.061413 0.030423
0 0.107899 0.974206 0.066138 0.030423
0 0.231907 0.974206 0.092120 0.046296
0 0.354734 0.959656 0.101568 0.051587
0 0.042942 0.906085 0.044879 0.031746
0 0.598025 0.753307 0.035431 0.033069
0 0.743292 0.503307 0.066138 0.022487
0 0.366544 0.417989 0.111017 0.047619