2 0.386010 0.378968 0.058975 0.101852
2 0.490758 0.712302 0.058975 0.083333
2 0.557215 0.530423 0.329206 0.423280
3 0.527287 0.467593 0.540462 0.649471
0 0.329235 0.567460 0.065137 0.116402
0 0.424740 0.289021 0.029048 0.030423
0 0.458629 0.405423 0.024646 0.035714
0 0.587583 0.496032 0.036089 0.034392
0 0.662403 0.678571 0.055455 0.076720
0 0.555014 0.236111 0.046652 0.046296
0 0.503521 0.269841 0.036970 0.037037
0 0.634675 0.277778 0.044012 0.037037
0 0.374127 0.496693 0.021126 0.033069
0 0.358283 0.650794 0.086263 0.092593