3 0.275794 0.328704 0.541005 0.641534
3 0.670635 0.186508 0.534392 0.373016
3 0.510582 0.733466 0.634921 0.501323
3 0.582011 0.558201 0.500000 0.314815
0 0.616402 0.715608 0.238095 0.267196
0 0.404101 0.627646 0.083333 0.070106
0 0.501984 0.842593 0.096561 0.103175
0 0.333333 0.841270 0.047619 0.074074
0 0.138228 0.489418 0.059524 0.063492
0 0.188492 0.568783 0.056878 0.047619
0 0.610450 0.458995 0.075397 0.050265
0 0.698413 0.881614 0.050265 0.051587
0 0.484788 0.920635 0.059524 0.039683
0 0.360450 0.771164 0.048942 0.037037