3 0.529627 0.809524 0.598214 0.380952
3 0.541802 0.276109 0.846591 0.528950
2 0.344562 0.781385 0.197240 0.267857
2 0.504870 0.933577 0.336039 0.120400
2 0.711445 0.763799 0.119318 0.146104
2 0.491071 0.186147 0.163961 0.281385
2 0.650568 0.332927 0.252435 0.350379
2 0.400162 0.395833 0.267857 0.248918
2 0.319805 0.136769 0.149351 0.112284
2 0.872565 0.357955 0.139610 0.224567
2 0.193994 0.372835 0.034091 0.048701
2 0.234984 0.433712 0.030032 0.037879
2 0.211039 0.244318 0.064935 0.073052
2 0.250812 0.345103 0.043831 0.047348