3 0.735022 0.542328 0.318644 0.518519
3 0.669444 0.377646 0.488528 0.363757
3 0.376753 0.651455 0.753506 0.697090
0 0.474913 0.356481 0.025527 0.054233
0 0.450267 0.383598 0.011443 0.034392
0 0.523766 0.267196 0.051053 0.034392
0 0.572619 0.238095 0.037850 0.042328
0 0.637316 0.244709 0.040491 0.044974
0 0.642157 0.423280 0.041371 0.058201
0 0.638196 0.513889 0.065137 0.056878
0 0.653160 0.590608 0.058095 0.033069
0 0.743824 0.603175 0.038730 0.050265
0 0.732821 0.654101 0.046652 0.035714
0 0.749986 0.718254 0.033449 0.044974
0 0.808081 0.737434 0.068658 0.035714
0 0.860895 0.741402 0.021126 0.033069
0 0.747345 0.390873 0.059856 0.093915
0 0.704654 0.375000 0.043131 0.054233
0 0.686609 0.501984 0.024646 0.027778
0 0.716537 0.494709 0.019365 0.021164
0 0.508362 0.413360 0.034329 0.030423
0 0.541371 0.490741 0.068658 0.050265
0 0.489437 0.482804 0.029928 0.018519
0 0.467872 0.493386 0.043131 0.047619
0 0.547532 0.366402 0.022886 0.034392
0 0.829646 0.483466 0.023766 0.064815
0 0.778153 0.531085 0.026407 0.030423
0 0.786075 0.594577 0.019365 0.022487
0 0.833167 0.705688 0.013203 0.022487
0 0.810281 0.681217 0.020245 0.023810
0 0.789596 0.655423 0.049293 0.091270
0 0.658442 0.301587 0.017605 0.029101
0 0.678247 0.252646 0.022006 0.039683
0 0.484596 0.295635 0.023766 0.038360