0 0.310161 0.234788 0.065340 0.062169
3 0.573406 0.356481 0.853188 0.712962
3 0.366671 0.584656 0.679887 0.542328
0 0.220981 0.169974 0.052978 0.070106
0 0.380799 0.297619 0.097127 0.113757
0 0.279257 0.181217 0.045914 0.047619
0 0.570638 0.334656 0.109488 0.121693
0 0.656286 0.414683 0.139509 0.136243
0 0.738402 0.536376 0.155403 0.080688
0 0.844359 0.472884 0.148339 0.078042
0 0.706615 0.614418 0.084765 0.070106
0 0.749881 0.671296 0.090063 0.056878
0 0.497351 0.425265 0.054744 0.051587
0 0.523840 0.465608 0.030021 0.031746
0 0.688956 0.304894 0.123616 0.099206
0 0.606839 0.210979 0.128914 0.091270
0 0.726040 0.179894 0.116552 0.113757
0 0.494702 0.259259 0.052978 0.050265
0 0.519425 0.144180 0.049446 0.071429
0 0.396692 0.208333 0.058276 0.046296
0 0.358725 0.107804 0.134212 0.062169
0 0.738402 0.454365 0.028255 0.025132
0 0.590063 0.547619 0.028255 0.021164