4 0.166950 0.594577 0.250378 0.252646
4 0.205924 0.377646 0.243292 0.199735
4 0.224820 0.206349 0.229119 0.164021
4 0.319303 0.064153 0.210223 0.112434
4 0.537793 0.621693 0.292895 0.269841
4 0.554327 0.382275 0.283447 0.214286
4 0.582672 0.245370 0.207861 0.149471
4 0.582672 0.128968 0.212585 0.138889
4 0.603930 0.035053 0.174792 0.064815
4 0.911801 0.705688 0.176398 0.289683
4 0.905896 0.451058 0.188208 0.230159
4 0.907077 0.278439 0.185846 0.175926
4 0.882275 0.153439 0.235450 0.132275
4 0.883834 0.035714 0.224395 0.071428
4 0.032691 0.208333 0.065382 0.130952
4 0.071665 0.087302 0.143330 0.097884
4 0.064579 0.017857 0.129157 0.035714
3 0.165769 0.609788 0.314153 0.312169
3 0.187028 0.386905 0.333050 0.231481
3 0.227183 0.195106 0.266912 0.167989
3 0.306311 0.074074 0.250378 0.148148
3 0.587396 0.041005 0.255102 0.082010
3 0.585034 0.133598 0.255102 0.150794
3 0.585034 0.251323 0.283447 0.182540
3 0.550784 0.391534 0.318878 0.261905
3 0.538974 0.634259 0.342498 0.332011
3 0.882275 0.712302 0.235450 0.337302
3 0.889361 0.446429 0.221277 0.236772
3 0.877551 0.294974 0.244898 0.240741
3 0.866922 0.159392 0.266156 0.162698
3 0.870465 0.060847 0.259070 0.121693
3 0.031510 0.210317 0.063020 0.161376
3 0.078751 0.091270 0.157502 0.121693
3 0.124811 0.038360 0.249622 0.076720