3 0.501335 0.594577 0.997330 0.810846
1 0.562056 0.541667 0.588874 0.535714
0 0.277302 0.845238 0.132035 0.169312
0 0.163752 0.863757 0.130274 0.272486
0 0.569978 0.845899 0.088903 0.109788
0 0.397013 0.880952 0.070418 0.111111
0 0.480195 0.928571 0.069538 0.108466
0 0.724019 0.850529 0.062496 0.103175
0 0.886861 0.955026 0.088903 0.089947
0 0.963456 0.801587 0.073088 0.092593
0 0.243853 0.678571 0.082742 0.113757
0 0.141306 0.644841 0.078341 0.117725
0 0.983701 0.689153 0.032597 0.100529
0 0.048442 0.848545 0.073939 0.078042