3 0.471392 0.508598 0.787807 0.694444
2 0.205123 0.326058 0.135556 0.130952
2 0.310750 0.429233 0.200693 0.194444
2 0.352561 0.317460 0.074820 0.089947
2 0.257056 0.528439 0.139076 0.152116
2 0.194120 0.633598 0.162843 0.256614
2 0.347720 0.771164 0.105628 0.134921
2 0.387771 0.644180 0.069538 0.087302
2 0.538290 0.658730 0.044892 0.063492
2 0.593745 0.660053 0.046652 0.082011
2 0.500000 0.563492 0.056335 0.074074
2 0.453788 0.609788 0.050173 0.082011
2 0.429582 0.466270 0.177807 0.244709
2 0.568658 0.311508 0.144358 0.186508
2 0.676046 0.470899 0.253506 0.169312
2 0.668124 0.613757 0.084502 0.179894
2 0.746465 0.568122 0.056335 0.136243
2 0.729300 0.690476 0.027287 0.037037
2 0.815123 0.578042 0.036970 0.119048
2 0.858254 0.575397 0.024646 0.066138
2 0.674726 0.301587 0.085382 0.092593
2 0.458629 0.250000 0.031688 0.087302
2 0.306789 0.801587 0.155801 0.121693