3 0.548701 0.281521 0.849026 0.507305
3 0.542208 0.813582 0.582792 0.372835
2 0.500406 0.202381 0.184253 0.240801
2 0.655032 0.342397 0.238636 0.339556
2 0.849838 0.300460 0.043831 0.117695
2 0.889205 0.397186 0.171266 0.121753
2 0.362419 0.361337 0.142045 0.198864
2 0.483360 0.404627 0.129058 0.206981
2 0.310065 0.144886 0.071429 0.044643
2 0.278409 0.194264 0.118506 0.081169
2 0.281656 0.366748 0.063312 0.133929
2 0.196834 0.373512 0.054383 0.041937
2 0.232143 0.435065 0.035714 0.048701
2 0.396916 0.149621 0.069805 0.132576
2 0.366477 0.790855 0.176136 0.254329
2 0.491477 0.918696 0.314123 0.128517
2 0.699269 0.755682 0.148539 0.146104