3 0.450487 0.544933 0.894481 0.681238
0 0.323864 0.563776 0.043831 0.136248
0 0.269481 0.536961 0.024351 0.050731
0 0.278409 0.607259 0.019481 0.057978
0 0.229708 0.727563 0.025974 0.055079
0 0.254058 0.794237 0.055195 0.084068
0 0.304789 0.735535 0.038149 0.076821
0 0.189529 0.469562 0.106331 0.188428
0 0.361201 0.423904 0.060065 0.224664
0 0.431818 0.568849 0.050325 0.189877
0 0.397727 0.662338 0.025974 0.081169
0 0.358360 0.745681 0.023539 0.050731
0 0.360795 0.813804 0.030032 0.056528
0 0.491883 0.655815 0.030844 0.094214
0 0.481331 0.446371 0.077922 0.266698
0 0.540179 0.454343 0.060877 0.123203
0 0.567370 0.324617 0.022727 0.040584
0 0.589692 0.313747 0.030032 0.062326
0 0.638799 0.405786 0.092532 0.173933
0 0.637581 0.523916 0.031656 0.126102
0 0.662744 0.606534 0.046266 0.097113
0 0.603084 0.569573 0.032468 0.078270
0 0.584821 0.654366 0.021916 0.065225
0 0.549107 0.629725 0.034903 0.097113
0 0.527597 0.575371 0.029221 0.055079
0 0.518263 0.704372 0.039773 0.092764
0 0.512987 0.794237 0.021104 0.052180
0 0.575487 0.803658 0.045455 0.036236
0 0.721185 0.707995 0.023539 0.076821
0 0.757305 0.463764 0.024351 0.127551
0 0.807224 0.584068 0.030032 0.185529
0 0.825893 0.716692 0.033279 0.094214
0 0.754464 0.739158 0.021916 0.066674
0 0.314935 0.822501 0.038961 0.068124
0 0.173701 0.667411 0.021104 0.030438
0 0.163149 0.707270 0.038961 0.049281
3 0.909903 0.581894 0.180194 0.473968