4 0.531888 0.697751 0.569255 0.244709
4 0.826767 0.493386 0.346466 0.248677
4 0.521259 0.467593 0.363757 0.218254
4 0.221277 0.488095 0.316515 0.211640
4 0.306311 0.311508 0.292895 0.165344
4 0.557870 0.275794 0.252740 0.138889
4 0.811791 0.294974 0.245654 0.169312
3 0.300406 0.303571 0.347222 0.181217
3 0.567319 0.275794 0.314153 0.175926
3 0.821240 0.281746 0.316515 0.211640
3 0.812972 0.535053 0.337774 0.347884
3 0.529526 0.473545 0.380291 0.277778
3 0.207105 0.512566 0.363757 0.287037
3 0.525983 0.702381 0.680272 0.283069