0 0.462350 0.462963 0.130784 0.190476
0 0.571337 0.355820 0.158526 0.142857
0 0.702120 0.408069 0.172397 0.123016
0 0.848262 0.135582 0.177351 0.154762
0 0.769989 0.270503 0.106014 0.112434
0 0.963019 0.249339 0.073962 0.133598
0 0.937754 0.566138 0.124492 0.169312
0 0.869563 0.431878 0.081245 0.091270
0 0.673883 0.608466 0.173388 0.238095
0 0.541613 0.675926 0.116913 0.142857
0 0.433122 0.368386 0.068364 0.080688
0 0.254285 0.468254 0.229863 0.269841
0 0.489101 0.158069 0.346775 0.189153
0 0.151912 0.355820 0.303824 0.301587
0 0.209204 0.099868 0.052512 0.030423
0 0.156692 0.078704 0.125830 0.157407
0 0.396463 0.697751 0.133756 0.104497
0 0.208709 0.703042 0.101060 0.096561
0 0.110621 0.688492 0.124839 0.112434
0 0.102199 0.521164 0.074309 0.092593
0 0.052164 0.595238 0.067373 0.092593
0 0.293421 0.711640 0.084217 0.116402
0 0.881453 0.687169 0.134747 0.138889
0 0.924552 0.434524 0.042604 0.059524
0 0.405875 0.589286 0.055484 0.064815
0 0.507926 0.551587 0.039631 0.066138
0 0.711533 0.333333 0.056475 0.055556
0 0.722927 0.064153 0.071337 0.067460
0 0.867086 0.290344 0.070346 0.133598
0 0.598583 0.021825 0.131775 0.043650
0 0.293421 0.148148 0.064401 0.068783
0 0.334539 0.011243 0.055484 0.022486
0 0.937928 0.026455 0.079263 0.037037
3 0.500000 0.441138 1.000000 0.787037
3 0.520807 0.191799 0.957100 0.383598
3 0.910012 0.980820 0.179976 0.038360