3 0.480201 0.501984 0.842855 0.752646
0 0.350096 0.652116 0.098993 0.095238
0 0.444140 0.386243 0.086265 0.082011
0 0.343025 0.462963 0.090508 0.079365
0 0.207264 0.603836 0.062224 0.120370
0 0.241911 0.769180 0.120206 0.112434
0 0.468181 0.730820 0.091922 0.059524
0 0.723441 0.478836 0.082023 0.092593
0 0.647075 0.281085 0.132933 0.146825
0 0.596872 0.394841 0.052325 0.046296
0 0.627277 0.624339 0.132933 0.095238
0 0.461817 0.489418 0.189501 0.103175
0 0.545961 0.319444 0.029698 0.048942
0 0.538890 0.276455 0.052325 0.029101
0 0.514142 0.582011 0.033940 0.029101
0 0.488687 0.617725 0.025455 0.026455
0 0.442725 0.654101 0.032526 0.030423