1 0.163588 0.591270 0.319635 0.817460
1 0.893041 0.461640 0.213918 0.481481
3 0.504415 0.308862 0.648100 0.580688
3 0.535319 0.755291 0.685185 0.476190
0 0.285438 0.857143 0.058276 0.068783
0 0.479692 0.291005 0.051212 0.058201
0 0.330470 0.454365 0.077701 0.080688
0 0.457617 0.481481 0.063574 0.042328
0 0.431128 0.546296 0.052978 0.042328
0 0.506181 0.528439 0.044149 0.038360
0 0.731338 0.177910 0.045914 0.088624
0 0.642158 0.184524 0.065340 0.038360
0 0.735753 0.389550 0.037085 0.064815
0 0.707498 0.453042 0.054744 0.048942
0 0.585648 0.472222 0.054744 0.052910
0 0.535319 0.648810 0.056510 0.051587
0 0.398458 0.732804 0.054744 0.034392
0 0.367554 0.670635 0.038851 0.044974
0 0.517659 0.757937 0.049446 0.037037
0 0.366671 0.885582 0.051212 0.046296
0 0.580350 0.879630 0.111254 0.047619
0 0.712796 0.767857 0.072404 0.112434
0 0.748998 0.626323 0.070638 0.059524
0 0.404639 0.291667 0.060042 0.064815
0 0.348129 0.195106 0.084765 0.067460
0 0.321640 0.139550 0.045914 0.033069
0 0.371086 0.110450 0.035319 0.027778
0 0.468213 0.119709 0.028255 0.022487
0 0.281023 0.180556 0.056510 0.051587
0 0.302215 0.265212 0.070638 0.046296
0 0.443490 0.248016 0.056510 0.064815
0 0.546797 0.249339 0.033553 0.033069
0 0.555627 0.307540 0.051212 0.035714
0 0.569755 0.212963 0.033553 0.034392
0 0.684541 0.261905 0.044149 0.052910
0 0.657169 0.297619 0.038851 0.050265
0 0.462915 0.429233 0.067106 0.043651
0 0.441724 0.613095 0.063574 0.056878
0 0.290736 0.673942 0.044149 0.030423
0 0.628031 0.381614 0.114786 0.080688