3 0.498684 0.505291 0.618314 0.791005
2 0.599106 0.371693 0.047360 0.076720
2 0.422820 0.274471 0.185933 0.141534
2 0.334678 0.379630 0.199088 0.148148
2 0.244781 0.436508 0.096475 0.208995
2 0.293018 0.229497 0.122786 0.104497
2 0.527188 0.162698 0.164884 0.087302
2 0.566655 0.283069 0.070163 0.097884
2 0.684179 0.348545 0.187687 0.334656
2 0.692949 0.687831 0.215752 0.373016
2 0.508770 0.688492 0.149097 0.300265
2 0.360989 0.563492 0.085073 0.137566
2 0.482898 0.472222 0.060516 0.092593
2 0.560954 0.424603 0.085073 0.111111
2 0.554377 0.904762 0.168392 0.089947