0 0.197141 0.326058 0.100659 0.085979
0 0.116791 0.334656 0.067106 0.052910
0 0.072642 0.300926 0.045914 0.033069
0 0.079706 0.373016 0.049446 0.037037
0 0.099131 0.429894 0.052978 0.029101
0 0.180365 0.425265 0.042383 0.017196
0 0.322523 0.375000 0.185424 0.096561
0 0.035557 0.636243 0.060042 0.074074
0 0.032026 0.573413 0.060042 0.035714
0 0.073525 0.750661 0.051212 0.035714
0 0.169769 0.741402 0.056510 0.030423
0 0.581233 0.697090 0.060042 0.042328
0 0.537968 0.773810 0.086531 0.063492
0 0.640392 0.792989 0.107722 0.072751
0 0.676594 0.660053 0.052978 0.047619
0 0.656286 0.558862 0.047680 0.033069
0 0.709264 0.593915 0.054744 0.044974
0 0.737519 0.525794 0.157169 0.070106
0 0.408171 0.691799 0.084765 0.084656
0 0.695137 0.175265 0.093595 0.109788
0 0.775487 0.138228 0.070638 0.064815
0 0.838178 0.227513 0.114786 0.087302
0 0.761359 0.264550 0.049446 0.052910
0 0.653637 0.263889 0.120084 0.072751
0 0.613903 0.146164 0.054744 0.027778
0 0.584765 0.171958 0.031787 0.021164
0 0.615669 0.183862 0.022957 0.026455
0 0.474394 0.127646 0.054744 0.048942
0 0.176833 0.155423 0.116552 0.064815
0 0.139748 0.104497 0.063574 0.037037
0 0.042621 0.103175 0.084765 0.052910
0 0.058395 0.164683 0.116790 0.112434
0 0.245704 0.145503 0.049446 0.034392
0 0.202439 0.080026 0.047680 0.041005
0 0.884092 0.031085 0.033553 0.014550
0 0.901752 0.051587 0.019425 0.018519
0 0.925592 0.027778 0.017659 0.015873
0 0.940602 0.027778 0.114786 0.055556
0 0.973272 0.168651 0.049446 0.056878
0 0.739285 0.444444 0.051212 0.029101
0 0.775487 0.434524 0.049446 0.033069
0 0.987519 0.765873 0.024962 0.055556
0 0.932656 0.831349 0.049446 0.038360
0 0.983104 0.564153 0.033792 0.035714
0 0.980336 0.897487 0.024723 0.030423
0 0.804625 0.901455 0.051212 0.019841
0 0.715445 0.908069 0.067106 0.033069
0 0.582999 0.955026 0.028255 0.031746
0 0.239524 0.603836 0.030021 0.027778
0 0.282789 0.599206 0.024723 0.021164
0 0.447022 0.477513 0.060042 0.031746
0 0.468213 0.412698 0.081233 0.058201
0 0.357842 0.439153 0.037085 0.029101
0 0.303981 0.481481 0.035319 0.023810
0 0.270428 0.492063 0.031787 0.026455
0 0.352544 0.503968 0.047680 0.013228
0 0.231577 0.461640 0.028255 0.021164
0 0.355193 0.278439 0.060042 0.054233
0 0.277491 0.261243 0.077701 0.054233
0 0.240407 0.246032 0.049446 0.039683
0 0.184779 0.250661 0.058276 0.030423
0 0.142397 0.259259 0.040617 0.026455
0 0.113259 0.285053 0.060042 0.041005
0 0.048802 0.693783 0.090063 0.041005
0 0.245704 0.738757 0.031787 0.035714
0 0.207737 0.671958 0.054744 0.023810
0 0.123855 0.636905 0.052978 0.030423
0 0.129152 0.793651 0.021191 0.013228
0 0.122089 0.757275 0.024723 0.025132
0 0.818752 0.472884 0.037085 0.030423
0 0.888507 0.448413 0.035319 0.034392
3 0.908052 0.708333 0.183896 0.461640
3 0.583882 0.700397 0.545676 0.458995
3 0.258830 0.378307 0.517659 0.370370
3 0.153756 0.681878 0.307512 0.451058
3 0.295151 0.935185 0.565101 0.129630
3 0.681009 0.889550 0.425592 0.215608
3 0.763245 0.402116 0.473510 0.150794
3 0.744702 0.195106 0.510596 0.332011
3 0.878794 0.046958 0.213679 0.093915
3 0.522957 0.121693 0.441485 0.243386
3 0.177596 0.109788 0.355192 0.219576