0 0.339987 0.382275 0.149081 0.092593
0 0.472172 0.376984 0.063608 0.063492
0 0.504969 0.316799 0.113301 0.043651
0 0.549694 0.360450 0.079510 0.080688
0 0.533792 0.433862 0.071559 0.052910
0 0.508945 0.475529 0.057644 0.048942
0 0.450306 0.500661 0.075534 0.088624
0 0.310171 0.505291 0.137154 0.074074
0 0.216747 0.497354 0.085473 0.060847
0 0.244575 0.448413 0.085473 0.031746
0 0.407570 0.299603 0.089448 0.054233
0 0.378748 0.250000 0.051681 0.034392
0 0.341975 0.259259 0.041743 0.026455
0 0.306195 0.302249 0.053669 0.035714
0 0.662001 0.250000 0.161007 0.060847
0 0.697780 0.312169 0.113301 0.074074
0 0.783253 0.269180 0.045718 0.059524
0 0.511926 0.246693 0.143117 0.043651
0 0.702750 0.696429 0.055657 0.075397
0 0.825990 0.758598 0.091436 0.080688
0 0.520871 0.816799 0.117277 0.056878
0 0.403595 0.888889 0.153056 0.092593
0 0.540749 0.865741 0.093424 0.070106
0 0.645105 0.862434 0.123240 0.063492
0 0.767351 0.865741 0.045718 0.043651
0 0.627215 0.817460 0.103363 0.060847
0 0.659019 0.909392 0.170946 0.062169
0 0.427447 0.947751 0.236541 0.046296
0 0.522859 0.629630 0.049694 0.050265
0 0.554663 0.618386 0.057644 0.025132
0 0.788222 0.653439 0.127215 0.068783
0 0.624234 0.722222 0.065595 0.034392
0 0.559632 0.687169 0.071559 0.033069
0 0.610320 0.636243 0.061620 0.039683
0 0.779278 0.714947 0.069571 0.048942
0 0.697780 0.748677 0.097399 0.063492
3 0.250000 0.150132 0.500000 0.300264
3 0.542736 0.320106 0.570482 0.238095
3 0.354895 0.431217 0.556567 0.256614
3 0.712688 0.704365 0.524764 0.257937
3 0.526835 0.884921 0.649991 0.211640