3 0.360043 0.748016 0.371457 0.451058
3 0.219206 0.359127 0.313362 0.435185
3 0.564697 0.463624 0.323045 0.406085
3 0.583182 0.158730 0.310722 0.304233
3 0.805880 0.343254 0.273752 0.493386
0 0.253095 0.826720 0.034329 0.050265
0 0.286544 0.787037 0.034329 0.050265
0 0.315592 0.736111 0.027287 0.035714
0 0.358283 0.671296 0.015844 0.022487
0 0.397013 0.669312 0.014084 0.031746
0 0.418579 0.806217 0.025527 0.041005
0 0.275101 0.320106 0.027287 0.034392
0 0.555455 0.380952 0.015844 0.021164
0 0.570418 0.494709 0.010563 0.018519
0 0.569538 0.463624 0.021126 0.030423
0 0.600786 0.371693 0.055455 0.052910