3 0.632723 0.602513 0.734553 0.490741
3 0.518884 0.191138 0.900447 0.382275
3 0.869264 0.142857 0.261471 0.206349
3 0.965670 0.417989 0.068660 0.198413
3 0.262920 0.525794 0.525840 0.382275
3 0.468196 0.798942 0.675832 0.343915
3 0.913989 0.887566 0.172022 0.224868
3 0.232110 0.232804 0.464220 0.335979
0 0.198857 0.250000 0.240517 0.105820
0 0.137237 0.527778 0.073546 0.047619
0 0.258489 0.480820 0.125228 0.125661
0 0.223704 0.537698 0.083485 0.048942
0 0.164072 0.579365 0.127215 0.044974
0 0.821020 0.585317 0.149081 0.117725
0 0.640136 0.514550 0.097399 0.060847
0 0.615289 0.579365 0.115289 0.068783
0 0.692811 0.582011 0.071559 0.060847
0 0.744492 0.476190 0.147093 0.074074
0 0.543730 0.476852 0.162995 0.125661
0 0.608332 0.216270 0.089448 0.054233
0 0.508945 0.166667 0.137154 0.121693
0 0.704737 0.204365 0.091436 0.096561
0 0.906493 0.673942 0.117277 0.093915
0 0.898542 0.878968 0.097399 0.154762
0 0.312158 0.810185 0.049694 0.017196
0 0.265447 0.731481 0.067583 0.034392
0 0.502982 0.771825 0.129203 0.054233
0 0.632185 0.843254 0.065595 0.067460
0 0.048783 0.511243 0.055657 0.051587
0 0.089531 0.480820 0.081497 0.056878
0 0.151151 0.460979 0.093424 0.051587
0 0.060709 0.644180 0.087461 0.076720
2 0.909019 0.144180 0.181961 0.164021
2 0.412539 0.492725 0.222627 0.212963
2 0.215753 0.138228 0.262382 0.228836
2 0.359864 0.147487 0.137154 0.125661
2 0.337005 0.637566 0.266357 0.111111
2 0.701756 0.367063 0.486997 0.186508
2 0.836922 0.254630 0.153056 0.167989