0 0.564153 0.290344 0.062169 0.083333
0 0.643519 0.355820 0.075397 0.095238
0 0.580026 0.371032 0.030423 0.035714
0 0.728836 0.487434 0.047619 0.096561
0 0.755291 0.417989 0.050265 0.058201
0 0.667989 0.443783 0.047619 0.048942
0 0.454365 0.314153 0.059524 0.054233
0 0.375661 0.352513 0.029101 0.078042
0 0.318783 0.302910 0.021164 0.042328
0 0.292989 0.328042 0.033069 0.047619
0 0.267196 0.263889 0.063492 0.056878
0 0.203704 0.262566 0.050265 0.075397
0 0.400794 0.167328 0.079365 0.038360
0 0.497354 0.250661 0.037037 0.051587
0 0.769841 0.536376 0.031746 0.067460
0 0.773810 0.589947 0.044974 0.037037
0 0.726852 0.357804 0.022487 0.033069
0 0.698413 0.376984 0.021164 0.029101
0 0.551587 0.392857 0.026455 0.023810
0 0.567460 0.424603 0.037037 0.039683
0 0.505952 0.400794 0.038360 0.031746
0 0.523148 0.443783 0.025132 0.033069
0 0.441799 0.396825 0.029101 0.068783
0 0.470238 0.387566 0.030423 0.089947
3 0.525132 0.390873 0.706349 0.525132
3 0.421296 0.641534 0.638889 0.550265