3 0.580981 0.501323 0.621443 0.902116
3 0.330556 0.658730 0.608240 0.555556
0 0.173434 0.677910 0.107388 0.120370
0 0.092013 0.719577 0.050173 0.105820
0 0.138225 0.832672 0.110909 0.120370
0 0.222727 0.582011 0.080981 0.095238
0 0.748665 0.765212 0.051934 0.107143
0 0.797518 0.819444 0.040491 0.120370
0 0.322633 0.828042 0.088903 0.164021
0 0.358283 0.259259 0.091544 0.179894
0 0.372367 0.168651 0.031688 0.035714
0 0.509683 0.150794 0.058095 0.055556
0 0.323954 0.655423 0.058095 0.085979
0 0.202042 0.749339 0.066017 0.075397