3 0.292502 0.434524 0.478570 0.533069
3 0.688073 0.423280 0.457379 0.605820
1 0.146812 0.621032 0.275487 0.236772
0 0.215683 0.451720 0.120084 0.112434
0 0.188311 0.383598 0.058276 0.034392
0 0.331353 0.291005 0.146573 0.148148
0 0.382565 0.202381 0.090063 0.042328
0 0.432894 0.267196 0.113020 0.031746
0 0.410820 0.628968 0.188956 0.112434
0 0.351661 0.533730 0.279019 0.091270
0 0.346363 0.457672 0.194254 0.082011
0 0.473511 0.431217 0.105956 0.060847
0 0.694254 0.332672 0.067106 0.059524
0 0.582999 0.277116 0.084765 0.030423
0 0.682775 0.254630 0.188956 0.104497
0 0.811689 0.303571 0.072404 0.046296
0 0.840827 0.430556 0.130680 0.123016
0 0.734870 0.527116 0.222509 0.085979
0 0.671296 0.635582 0.183658 0.091270
0 0.683658 0.406085 0.116552 0.034392
0 0.756944 0.375661 0.111254 0.042328