0 0.284521 0.480159 0.092250 0.076720
0 0.176437 0.460317 0.052321 0.050265
0 0.167487 0.571429 0.067466 0.111111
0 0.387097 0.253968 0.079858 0.052910
0 0.294159 0.322090 0.048190 0.041005
0 0.346480 0.304894 0.045437 0.033069
0 0.565401 0.359127 0.037175 0.038360
0 0.531668 0.411376 0.044060 0.037037
0 0.644571 0.347222 0.055075 0.038360
0 0.652832 0.139550 0.101888 0.080688
0 0.550944 0.126984 0.060582 0.050265
0 0.564024 0.246032 0.086742 0.082011
0 0.248722 0.640873 0.048190 0.046296
0 0.510326 0.698413 0.086742 0.044974
0 0.463513 0.630952 0.061959 0.037037
0 0.211547 0.704365 0.059205 0.033069
0 0.197090 0.757275 0.063336 0.025132
0 0.866246 0.464947 0.057828 0.056878
0 0.156472 0.248677 0.061959 0.047619
0 0.243215 0.148810 0.092250 0.062169
0 0.065599 0.498677 0.031668 0.042328
0 0.100021 0.361772 0.070220 0.035714
0 0.758850 0.253307 0.057828 0.046296
0 0.421519 0.345899 0.044060 0.038360
0 0.265933 0.424603 0.077104 0.042328
3 0.544748 0.494048 0.877062 0.951058
3 0.288651 0.384259 0.554876 0.728836