1 0.214692 0.312200 0.341721 0.470943
1 0.709821 0.822231 0.255682 0.355538
3 0.256899 0.521751 0.513798 0.956497
3 0.747159 0.500000 0.505682 1.000000
0 0.844968 0.339648 0.035714 0.080898
0 0.861201 0.416213 0.077922 0.063563
0 0.260146 0.645906 0.034903 0.075120
0 0.422484 0.724637 0.056006 0.140127
0 0.115666 0.632182 0.054383 0.088121
0 0.176948 0.851041 0.073052 0.245584
0 0.333604 0.926883 0.079545 0.143017
0 0.443182 0.231302 0.029221 0.057784
0 0.477273 0.403211 0.045455 0.089566
0 0.928166 0.298477 0.038149 0.079454
0 0.908685 0.363484 0.039773 0.079454
0 0.551542 0.416213 0.038149 0.063563
0 0.691964 0.114289 0.043019 0.080898