0 0.184138 0.644841 0.098945 0.048942
0 0.545667 0.785714 0.178861 0.084656
0 0.348729 0.732143 0.112264 0.054233
0 0.393444 0.626984 0.117972 0.060847
0 0.148937 0.765212 0.192181 0.075397
0 0.812056 0.492725 0.121778 0.043651
0 0.760681 0.563492 0.163639 0.079365
0 0.409618 0.467593 0.131292 0.059524
0 0.090902 0.653439 0.095139 0.042328
0 0.251687 0.697751 0.097042 0.030423
0 0.354437 0.566138 0.119875 0.055556
3 0.597777 0.345238 0.804445 0.611111
3 0.440278 0.746693 0.880556 0.506614
1 0.556868 0.777116 0.886264 0.445767