4 0.324834 0.279101 0.230620 0.174603
4 0.546212 0.294312 0.192771 0.205026
4 0.494278 0.570106 0.154040 0.325397
4 0.334957 0.540344 0.240303 0.265873
4 0.120606 0.594577 0.241212 0.183862
4 0.183997 0.370370 0.070418 0.216931
4 0.254416 0.376984 0.112670 0.124339
4 0.624553 0.597222 0.148759 0.273810
4 0.610029 0.422619 0.117951 0.051587
4 0.764069 0.335317 0.200693 0.181217
4 0.810722 0.565476 0.281674 0.287037
4 0.922071 0.505291 0.125873 0.116402
3 0.111364 0.628307 0.222727 0.261905
3 0.341558 0.579365 0.253506 0.349206
3 0.505281 0.578042 0.151400 0.314815
3 0.623232 0.601190 0.132035 0.308201
3 0.552374 0.300926 0.220938 0.215608
3 0.328795 0.294312 0.224459 0.197090
3 0.177835 0.381614 0.084502 0.247354
3 0.271140 0.376984 0.112670 0.095238
3 0.636436 0.421296 0.123232 0.085979
3 0.761429 0.324735 0.191890 0.165344
3 0.919430 0.546296 0.090664 0.203704
3 0.823045 0.601852 0.295758 0.359788