3 0.551521 0.653439 0.774795 0.595238
3 0.236946 0.598545 0.425047 0.519841
3 0.637050 0.271825 0.725899 0.543650
0 0.663975 0.291667 0.098088 0.075397
0 0.609482 0.231481 0.058456 0.037037
0 0.692213 0.235450 0.055484 0.039683
0 0.730853 0.357143 0.075300 0.092593
0 0.776429 0.300926 0.057466 0.054233
0 0.851729 0.371032 0.091152 0.104497
0 0.535668 0.524471 0.089171 0.101852
0 0.693699 0.488095 0.131775 0.169312
0 0.481175 0.556217 0.116913 0.088624
0 0.487120 0.683862 0.116913 0.129630
0 0.393986 0.661376 0.069355 0.087302
0 0.326117 0.593254 0.030714 0.051587
0 0.242891 0.701058 0.032696 0.063492
0 0.104676 0.528439 0.039631 0.038360
0 0.111612 0.582011 0.047558 0.052910
0 0.150748 0.504630 0.038641 0.067460
0 0.159665 0.453704 0.046567 0.044974
0 0.279055 0.453042 0.067373 0.080688
0 0.514366 0.189815 0.109977 0.059524
0 0.489597 0.271825 0.032696 0.041005
0 0.437580 0.306878 0.035668 0.055556
0 0.393986 0.322090 0.037650 0.041005
0 0.530219 0.310185 0.018825 0.035714
0 0.571832 0.299603 0.020807 0.019841
0 0.550035 0.261243 0.020807 0.022487
0 0.794264 0.547619 0.114931 0.174603
0 0.654067 0.638889 0.052512 0.052910
0 0.628307 0.681878 0.135738 0.075397
0 0.583721 0.603175 0.058456 0.050265
0 0.593134 0.441138 0.039631 0.067460
0 0.498018 0.419312 0.107005 0.063492
0 0.446498 0.466270 0.055484 0.054233
0 0.391509 0.481481 0.042604 0.063492
0 0.402903 0.427249 0.037650 0.039683
0 0.350391 0.775132 0.057466 0.055556
0 0.186416 0.609127 0.038641 0.051587
0 0.101704 0.651455 0.023779 0.038360
0 0.078916 0.621032 0.029724 0.035714
0 0.069008 0.566138 0.031705 0.050265
0 0.033835 0.594577 0.028733 0.043651
0 0.152234 0.660714 0.039631 0.035714
0 0.210195 0.518519 0.022788 0.034392
0 0.204250 0.437169 0.028733 0.054233
0 0.447488 0.365741 0.079263 0.019841
0 0.755128 0.664683 0.042604 0.041005
0 0.680323 0.357143 0.017834 0.026455
0 0.738284 0.277116 0.004954 0.014550
0 0.765531 0.256614 0.019816 0.018519