0 0.683658 0.560847 0.151871 0.105820
0 0.484107 0.810847 0.194254 0.171958
0 0.425830 0.352513 0.063574 0.043651
0 0.308395 0.499339 0.079467 0.059524
0 0.726923 0.445767 0.075935 0.023810
0 0.743700 0.674603 0.158935 0.050265
0 0.639509 0.806217 0.077701 0.112434
0 0.418767 0.666005 0.088297 0.056878
0 0.370203 0.705688 0.033553 0.027778
0 0.537085 0.935185 0.031787 0.023810
3 0.106195 0.257275 0.211913 0.263228
3 0.329587 0.410053 0.386741 0.304233
3 0.681009 0.573413 0.407932 0.300265
3 0.459383 0.815476 0.441485 0.369048