2 0.334656 0.177249 0.087302 0.074074
2 0.353836 0.326720 0.149471 0.097884
2 0.177910 0.365079 0.075397 0.095238
2 0.240079 0.522487 0.123016 0.100529
2 0.466270 0.275794 0.093915 0.070106
2 0.502646 0.164683 0.087302 0.070106
2 0.591270 0.241402 0.148148 0.109788
2 0.585979 0.344577 0.108466 0.107143
2 0.521825 0.417989 0.117725 0.103175
2 0.669974 0.501323 0.085979 0.111111
2 0.615079 0.597884 0.137566 0.103175
2 0.572090 0.715608 0.239418 0.150794
2 0.818783 0.495370 0.092593 0.109788
2 0.767857 0.312169 0.123016 0.111111
3 0.488095 0.492063 0.791005 0.783069