0 0.253968 0.521825 0.026455 0.051587
0 0.273148 0.419974 0.025132 0.048942
0 0.301587 0.337963 0.050265 0.070106
0 0.379630 0.529101 0.039683 0.074074
0 0.311508 0.667989 0.048942 0.058201
0 0.375661 0.656085 0.060847 0.055556
0 0.262566 0.748677 0.038360 0.055556
0 0.212963 0.574074 0.023810 0.018519
0 0.649471 0.211640 0.055556 0.079365
0 0.605820 0.160714 0.047619 0.035714
0 0.537698 0.387566 0.027778 0.042328
0 0.456349 0.325397 0.047619 0.068783
0 0.388228 0.425926 0.048942 0.068783
0 0.462963 0.459656 0.026455 0.033069
0 0.430556 0.615079 0.056878 0.052910
0 0.500000 0.646825 0.042328 0.047619
0 0.384921 0.779762 0.060847 0.078042
0 0.256614 0.871032 0.047619 0.030423
3 0.753307 0.575397 0.493386 0.791005
3 0.345899 0.485450 0.691798 0.899471