4 0.443048 0.460979 0.066520 0.649471
4 0.572898 0.395503 0.058319 0.489418
4 0.684524 0.423942 0.059230 0.398148
4 0.871326 0.546296 0.192269 0.579365
4 0.303630 0.656746 0.046473 0.363757
4 0.333245 0.242063 0.072898 0.108466
4 0.203395 0.322090 0.062875 0.107143
3 0.503189 0.527778 0.850176 0.714286
0 0.379718 0.652778 0.029159 0.041005
0 0.334156 0.346561 0.051029 0.052910
0 0.276749 0.304233 0.051029 0.042328
0 0.659009 0.699735 0.035538 0.034392
0 0.587022 0.677249 0.037360 0.031746
0 0.747399 0.641534 0.022781 0.023810
0 0.741931 0.697090 0.019136 0.034392
0 0.500911 0.744048 0.036449 0.014550