0 0.353973 0.388228 0.042975 0.072751
0 0.330731 0.313492 0.029819 0.037037
0 0.393878 0.253307 0.052622 0.051587
0 0.389493 0.207011 0.024557 0.022487
0 0.419751 0.324074 0.079811 0.071429
0 0.313190 0.792989 0.059639 0.104497
0 0.179441 0.667989 0.044729 0.037037
0 0.095684 0.600529 0.036836 0.055556
0 0.200052 0.191799 0.066655 0.079365
0 0.725400 0.329365 0.064901 0.066138
0 0.716629 0.269180 0.029819 0.035714
0 0.721892 0.187169 0.038590 0.027778
0 0.761797 0.187169 0.020172 0.030423
0 0.776268 0.291005 0.036836 0.063492
0 0.635503 0.317460 0.042975 0.066138
0 0.601737 0.478175 0.038590 0.038360
0 0.660937 0.439815 0.044729 0.059524
0 0.707420 0.402778 0.039467 0.043651
0 0.892038 0.445767 0.094720 0.124339
0 0.920980 0.367725 0.024557 0.031746
0 0.842923 0.518519 0.056131 0.089947
0 0.899054 0.558862 0.040344 0.064815
0 0.822313 0.692460 0.058762 0.085979
0 0.676285 0.703042 0.066655 0.075397
0 0.685056 0.796296 0.049114 0.103175
0 0.676724 0.976190 0.062270 0.047619
0 0.793809 0.785714 0.045606 0.079365
0 0.764867 0.806217 0.043852 0.101852
0 0.725838 0.574074 0.025434 0.066138
0 0.470181 0.714947 0.052622 0.093915
0 0.396948 0.607804 0.030696 0.056878
0 0.429837 0.485450 0.029819 0.047619
0 0.516664 0.115741 0.038590 0.054233
0 0.333801 0.099206 0.037713 0.060847
0 0.377653 0.029101 0.042975 0.044974
0 0.382476 0.089947 0.024557 0.034392
0 0.374583 0.132937 0.031573 0.046296
0 0.420628 0.069444 0.023680 0.056878
0 0.127696 0.323413 0.042975 0.048942
0 0.156200 0.359127 0.054377 0.070106
0 0.143483 0.416667 0.032451 0.050265
0 0.176372 0.503307 0.029819 0.048942
0 0.121118 0.527778 0.066655 0.148148
0 0.201806 0.742063 0.028065 0.034392
0 0.114102 0.722884 0.045606 0.070106
0 0.198736 0.824735 0.055254 0.056878
0 0.149183 0.822090 0.066655 0.117725
0 0.414050 0.541667 0.052622 0.059524
0 0.392562 0.816138 0.018418 0.029101
0 0.365374 0.869048 0.021926 0.023810
0 0.415365 0.771825 0.035959 0.059524
0 0.457902 0.142196 0.017541 0.025132
0 0.416681 0.172619 0.017541 0.022487
0 0.426329 0.146164 0.014033 0.027778
0 0.578057 0.206349 0.015787 0.042328
0 0.590335 0.171296 0.024557 0.035714
0 0.583319 0.438492 0.082442 0.083333
0 0.525873 0.540344 0.041221 0.115079
0 0.507016 0.645503 0.036836 0.082011
0 0.556131 0.796296 0.035082 0.058201
0 0.566217 0.719577 0.030696 0.071429
0 0.511840 0.745370 0.028942 0.046296
0 0.518856 0.805556 0.046483 0.037037
0 0.524557 0.878307 0.021049 0.044974
0 0.565778 0.845899 0.024557 0.046296
0 0.695142 0.224206 0.023680 0.011905
0 0.749518 0.513889 0.034205 0.041005
0 0.743818 0.655423 0.019295 0.038360
0 0.736363 0.913360 0.020172 0.025132
0 0.717506 0.881614 0.036836 0.059524
0 0.953431 0.341270 0.017541 0.037037
0 0.935451 0.350529 0.016664 0.039683
0 0.948607 0.447751 0.020172 0.041005
3 0.272846 0.457672 0.431504 0.915344
3 0.440361 0.486111 0.422734 0.956349
3 0.601298 0.553571 0.353448 0.892857
3 0.786354 0.593915 0.386775 0.769841