0 0.315341 0.344185 0.065747 0.157989
0 0.390016 0.268814 0.038149 0.111607
0 0.480519 0.273887 0.035714 0.095663
0 0.435877 0.277510 0.024351 0.050731
0 0.470373 0.456517 0.056006 0.127551
0 0.431006 0.513770 0.029221 0.082618
0 0.333604 0.499275 0.042208 0.050731
0 0.596997 0.565225 0.060877 0.101461
0 0.540179 0.626826 0.072240 0.134798
0 0.671672 0.555079 0.070617 0.118854
0 0.608766 0.405061 0.068182 0.123203
0 0.723214 0.679006 0.053571 0.097113
0 0.689529 0.782641 0.043019 0.081169
0 0.116071 0.587691 0.094156 0.140596
0 0.148945 0.494927 0.041396 0.056528
0 0.129058 0.684079 0.060065 0.095663
0 0.283685 0.668135 0.094968 0.118854
0 0.203734 0.580444 0.034091 0.071023
0 0.192776 0.646394 0.064123 0.124652
0 0.211851 0.523191 0.022727 0.046382
0 0.450081 0.761625 0.054383 0.082618
0 0.390016 0.747855 0.034903 0.095663
0 0.501623 0.779018 0.047078 0.050731
0 0.522321 0.870333 0.080357 0.073922
0 0.436282 0.894973 0.101461 0.091315
0 0.180195 0.776119 0.045455 0.042034
0 0.417614 0.602186 0.060877 0.085517
0 0.374188 0.516669 0.017857 0.042034
0 0.476461 0.562326 0.032468 0.086967
3 0.617695 0.429702 0.764610 0.845026
3 0.334010 0.699298 0.629058 0.555137