1 0.452303 0.486772 0.719786 0.526455
3 0.209484 0.092593 0.313931 0.145503
3 0.262384 0.228836 0.371167 0.174603
3 0.468780 0.337963 0.253226 0.136243
3 0.606667 0.296958 0.195990 0.175926
3 0.231164 0.378968 0.378104 0.173280
3 0.337831 0.548280 0.369432 0.271164
3 0.694255 0.570767 0.364229 0.162698
3 0.739351 0.455026 0.163036 0.097884
3 0.880706 0.500661 0.126613 0.162698
3 0.879839 0.341931 0.194255 0.128307
3 0.841057 0.224868 0.317885 0.261905
3 0.671708 0.189815 0.124879 0.117725
3 0.802657 0.143519 0.119675 0.075397
3 0.885909 0.103175 0.220272 0.092593
3 0.692521 0.083995 0.201193 0.138889
3 0.473116 0.158730 0.310462 0.208995
3 0.082871 0.184524 0.157833 0.178571
3 0.052276 0.294974 0.104551 0.166667
3 0.034931 0.402116 0.069862 0.145503
3 0.104308 0.558201 0.208616 0.240741
3 0.238102 0.675265 0.253226 0.123016
3 0.095636 0.699074 0.191272 0.093915
3 0.068753 0.827381 0.137505 0.250000
3 0.455772 0.835317 0.664284 0.292328
3 0.669974 0.708995 0.398918 0.158730
3 0.904988 0.644180 0.189052 0.137566
3 0.958131 0.528439 0.083738 0.146825
3 0.888754 0.792989 0.222492 0.189153
3 0.798321 0.909392 0.232413 0.157407
3 0.945990 0.925926 0.108020 0.148148
3 0.456639 0.952381 0.756209 0.095238
3 0.411544 0.039021 0.197724 0.072751