0 0.456270 0.538360 0.087461 0.039683
0 0.526835 0.701720 0.105350 0.043651
0 0.509939 0.797619 0.091436 0.105820
0 0.588454 0.843254 0.105350 0.064815
0 0.586467 0.761243 0.125228 0.075397
0 0.691817 0.850529 0.133179 0.071429
0 0.654050 0.923280 0.117277 0.060847
0 0.769339 0.890212 0.057644 0.052910
0 0.737535 0.785053 0.053669 0.070106
0 0.410552 0.796958 0.091436 0.093915
0 0.281348 0.777778 0.174921 0.129630
0 0.323091 0.660053 0.047706 0.044974
0 0.235630 0.666005 0.103363 0.091270
0 0.155127 0.656085 0.041743 0.039683
0 0.117360 0.481481 0.065595 0.047619
0 0.688835 0.492725 0.083485 0.043651
0 0.588454 0.494048 0.149081 0.088624
0 0.742504 0.475529 0.111313 0.078042
0 0.817045 0.486111 0.085473 0.085979
0 0.719645 0.527778 0.041743 0.026455
0 0.470184 0.483466 0.115289 0.085979
0 0.330048 0.478175 0.157032 0.125661
0 0.211778 0.478175 0.107338 0.080688
0 0.370797 0.686508 0.115289 0.097884
0 0.848849 0.849206 0.113301 0.100529
3 0.536773 0.777116 0.872618 0.419312
3 0.496480 0.283730 0.992960 0.538360