3 0.618103 0.092593 0.477135 0.103175
3 0.632275 0.169312 0.595238 0.108466
3 0.653156 0.253968 0.693688 0.132275
3 0.662604 0.389550 0.674792 0.178571
3 0.614182 0.600529 0.771636 0.330688
3 0.212207 0.614418 0.424414 0.300265
3 0.198035 0.406085 0.396070 0.161376
3 0.218112 0.257937 0.436224 0.174603
3 0.192130 0.158069 0.384259 0.101852
3 0.222836 0.061508 0.445672 0.091270
4 0.162226 0.050926 0.311791 0.056878
4 0.569681 0.078704 0.342498 0.059524
4 0.641723 0.148810 0.514928 0.056878
4 0.635818 0.236772 0.583428 0.079365
4 0.675973 0.356481 0.597600 0.091270
4 0.625189 0.566799 0.699169 0.218254
4 0.096466 0.574735 0.192932 0.220899
4 0.150794 0.355159 0.301587 0.101852
4 0.136621 0.216270 0.273242 0.088624
4 0.148432 0.119048 0.296863 0.058201