2 0.280823 0.380291 0.197172 0.123016
2 0.309430 0.317460 0.043131 0.063492
2 0.364004 0.284392 0.046652 0.066138
2 0.228009 0.180556 0.149639 0.162698
2 0.481955 0.270503 0.104747 0.125661
2 0.512763 0.400794 0.141717 0.153439
2 0.705974 0.422619 0.169004 0.247354
2 0.557215 0.636905 0.130274 0.289683
2 0.379408 0.616402 0.237662 0.283069
3 0.268939 0.259259 0.270231 0.388889
3 0.372807 0.604497 0.259668 0.346561
3 0.550613 0.673280 0.134675 0.158730
3 0.618391 0.587302 0.250866 0.230159
3 0.712576 0.433201 0.199812 0.265873
3 0.531248 0.320106 0.242063 0.320106