2 0.474713 0.414021 0.208734 0.253968
2 0.648505 0.675265 0.091034 0.085979
2 0.548735 0.611772 0.121378 0.175926
2 0.327587 0.705688 0.205056 0.212963
2 0.412185 0.796296 0.096551 0.103175
2 0.500000 0.760582 0.091953 0.153439
2 0.700918 0.483466 0.094712 0.149471
0 0.305059 0.525132 0.079080 0.203704
0 0.645746 0.602513 0.013793 0.030423
0 0.671033 0.613757 0.014713 0.039683
0 0.716550 0.584656 0.017471 0.029101
0 0.711033 0.648810 0.017471 0.041005
0 0.694481 0.608466 0.010115 0.018519
0 0.625516 0.394180 0.026666 0.055556
0 0.465977 0.710317 0.029425 0.042328
0 0.318392 0.356481 0.063448 0.062169
3 0.487127 0.484127 0.559076 0.537037
3 0.388736 0.644180 0.421146 0.534392