3 0.563492 0.538360 0.584656 0.640212
3 0.279762 0.642857 0.559524 0.624339
1 0.789021 0.446429 0.421958 0.858466
1 0.273148 0.725529 0.546296 0.548942
0 0.212963 0.695106 0.206349 0.210317
0 0.192460 0.551587 0.123016 0.103175
0 0.299603 0.515212 0.141534 0.123016
0 0.365741 0.584656 0.070106 0.111111
0 0.372354 0.683862 0.162698 0.100529
0 0.363757 0.768519 0.103175 0.055556
0 0.215608 0.839286 0.108466 0.083333
0 0.314815 0.873016 0.111111 0.076720
0 0.206349 0.416667 0.137566 0.079365
0 0.140873 0.450397 0.093915 0.088624
0 0.095238 0.503307 0.082011 0.072751
0 0.072751 0.562831 0.095238 0.046296
0 0.412037 0.315476 0.062169 0.075397
0 0.501984 0.277778 0.141534 0.092593
0 0.617725 0.287698 0.092593 0.099206
0 0.554233 0.382937 0.177249 0.078042
0 0.433862 0.408730 0.095238 0.084656
0 0.468254 0.466931 0.121693 0.084656
0 0.485450 0.549603 0.108466 0.051587
0 0.530423 0.628307 0.150794 0.079365
0 0.590608 0.541005 0.109788 0.055556
0 0.652116 0.451058 0.253968 0.150794
0 0.783730 0.548280 0.093915 0.117725
0 0.754630 0.676587 0.083333 0.125661
0 0.697751 0.655423 0.054233 0.059524
0 0.667989 0.588624 0.044974 0.047619
0 0.657407 0.763889 0.063492 0.067460