3 0.176136 0.235390 0.240260 0.451299
3 0.497159 0.254870 0.241071 0.470779
3 0.823864 0.260552 0.235390 0.504870
3 0.806818 0.775162 0.253247 0.449675
3 0.490666 0.763799 0.252435 0.472402
3 0.159903 0.750000 0.241883 0.490260
4 0.176948 0.120130 0.198052 0.211039
4 0.278003 0.296266 0.085227 0.339286
4 0.496347 0.107955 0.179383 0.215909
4 0.420860 0.370130 0.107955 0.279221
4 0.572646 0.377435 0.103084 0.241883
4 0.816153 0.245942 0.224838 0.478896
4 0.155844 0.753247 0.219156 0.464286
4 0.491883 0.761364 0.246753 0.467532
4 0.815341 0.774351 0.228084 0.448052