3 0.491363 0.470238 0.982726 0.940476
1 0.512325 0.531085 0.480672 0.387566
0 0.701307 0.240741 0.090383 0.074074
0 0.852288 0.635582 0.057516 0.059524
0 0.851774 0.712302 0.142764 0.067460
0 0.817880 0.542989 0.093464 0.078042
0 0.704388 0.345238 0.051354 0.063492
0 0.356209 0.363095 0.139683 0.120370
0 0.117414 0.585979 0.091410 0.124339
0 0.222176 0.431878 0.105789 0.083333
0 0.921102 0.572090 0.034921 0.059524
0 0.890289 0.451720 0.036975 0.027778
0 0.793744 0.368386 0.036975 0.067460
0 0.227824 0.639550 0.049300 0.038360