2 0.355345 0.347884 0.071337 0.074074
2 0.288467 0.452381 0.090162 0.113757
2 0.208213 0.567460 0.177351 0.232804
2 0.068017 0.497354 0.120876 0.235450
2 0.358813 0.626323 0.068364 0.101852
2 0.469286 0.650794 0.140692 0.206349
2 0.447488 0.424603 0.095116 0.140212
2 0.529228 0.432540 0.106014 0.126984
2 0.512880 0.293651 0.239770 0.124339
2 0.563906 0.193783 0.106014 0.078042
2 0.702616 0.259259 0.042604 0.058201
2 0.758100 0.268519 0.032696 0.042328
2 0.823492 0.269841 0.030714 0.052910
2 0.701625 0.347884 0.078272 0.100529
2 0.660507 0.522487 0.212028 0.261905
2 0.816556 0.380952 0.046567 0.047619
2 0.870059 0.510582 0.187259 0.357143
2 0.797236 0.732804 0.101060 0.150794
2 0.483157 0.779101 0.469633 0.261905
3 0.495046 0.509259 0.972953 0.835979