3 0.380729 0.546296 0.754358 0.677249
3 0.724473 0.246032 0.551053 0.492063
3 0.244278 0.143519 0.488556 0.287037
2 0.104336 0.108466 0.043131 0.058201
2 0.139986 0.141534 0.051053 0.066138
2 0.187518 0.193122 0.042251 0.052910
2 0.285664 0.150794 0.044892 0.063492
2 0.419459 0.079365 0.064257 0.092593
2 0.071768 0.216931 0.074820 0.095238
2 0.274221 0.568783 0.243824 0.206349
2 0.408016 0.652116 0.069538 0.198413
2 0.481955 0.484127 0.078341 0.100529
2 0.375887 0.388228 0.188369 0.162698
2 0.163312 0.306878 0.162843 0.121693
2 0.581861 0.428571 0.038730 0.039683
2 0.601227 0.343915 0.038730 0.050265
2 0.613990 0.500661 0.032569 0.059524
2 0.705094 0.589286 0.024646 0.041005
2 0.626313 0.749339 0.053694 0.062169
2 0.531688 0.427910 0.040491 0.072751
2 0.437063 0.306878 0.048413 0.076720
2 0.388211 0.269841 0.103867 0.079365
2 0.301068 0.283069 0.051053 0.063492
2 0.792677 0.322751 0.048413 0.079365
2 0.882900 0.396164 0.035209 0.070106
2 0.844610 0.468915 0.129394 0.075397
2 0.827446 0.409392 0.028167 0.059524
2 0.929993 0.393519 0.066017 0.120370
2 0.913268 0.289021 0.115310 0.107143
2 0.746905 0.343915 0.080101 0.256614
2 0.671645 0.099868 0.415469 0.199735
2 0.878939 0.028439 0.066017 0.056878
2 0.930433 0.189153 0.075700 0.071429
2 0.992504 0.312169 0.014992 0.103175
2 0.819964 0.247354 0.043131 0.121693
2 0.647439 0.291005 0.171645 0.232804
2 0.980606 0.130952 0.036970 0.047619
2 0.051522 0.550265 0.039610 0.097884