0 0.518661 0.466931 0.280398 0.415344
0 0.684699 0.252646 0.143549 0.171958
0 0.565554 0.209656 0.022011 0.043651
0 0.587565 0.165344 0.029667 0.023810
0 0.589479 0.197751 0.025839 0.041005
0 0.311951 0.289021 0.077516 0.062169
0 0.294726 0.347222 0.044979 0.054233
0 0.340661 0.478836 0.035409 0.042328
0 0.733506 0.455688 0.026796 0.070106
0 0.625844 0.550265 0.031581 0.034392
0 0.422484 0.228836 0.044022 0.037037
0 0.379419 0.206349 0.038280 0.029101
0 0.507177 0.173280 0.066032 0.089947
0 0.455021 0.203704 0.047850 0.034392
0 0.434925 0.154762 0.030624 0.018519
0 0.406215 0.189815 0.026796 0.022487
0 0.674651 0.175265 0.056462 0.048942
0 0.613882 0.142857 0.042108 0.037037
0 0.330613 0.741402 0.120581 0.062169
3 0.495694 0.443122 0.571323 0.724868