1 0.387678 0.341931 0.201519 0.271164
1 0.073258 0.619048 0.146516 0.150794
3 0.205155 0.488757 0.348529 0.337302
3 0.334821 0.702381 0.360091 0.216931
3 0.556161 0.652116 0.257680 0.185185
3 0.741988 0.623016 0.269242 0.134921
3 0.869755 0.599868 0.260490 0.138889
3 0.961430 0.542328 0.077140 0.089947
3 0.325736 0.831349 0.289064 0.181217
3 0.607367 0.774471 0.221340 0.115079
3 0.743640 0.717593 0.206474 0.109788
3 0.869176 0.697090 0.173438 0.111111
3 0.953171 0.677249 0.093658 0.111111
3 0.806408 0.891534 0.384868 0.171958
3 0.827634 0.812169 0.344731 0.158730
3 0.911876 0.780423 0.176248 0.124339
3 0.429799 0.896825 0.156920 0.063492
3 0.239842 0.937169 0.186653 0.048942
0 0.148168 0.519841 0.059465 0.029101
0 0.234061 0.447090 0.046250 0.037037
0 0.241494 0.400132 0.054509 0.030423
0 0.281137 0.371693 0.047902 0.050265