0 0.325021 0.349868 0.098580 0.101852
0 0.364042 0.414021 0.096115 0.076720
0 0.434280 0.296296 0.126511 0.100529
0 0.543539 0.447751 0.052576 0.099206
0 0.526288 0.322090 0.031217 0.062169
0 0.612135 0.435185 0.048468 0.076720
0 0.588311 0.381614 0.043539 0.056878
0 0.629797 0.526455 0.044361 0.089947
0 0.582150 0.601190 0.041075 0.107143
0 0.547647 0.585979 0.065720 0.140212
0 0.511090 0.603175 0.041896 0.060847
0 0.465497 0.556878 0.037789 0.095238
0 0.425244 0.492725 0.060791 0.125661
0 0.389508 0.471561 0.041896 0.064815
0 0.357059 0.470238 0.032860 0.062169
0 0.428119 0.376984 0.055040 0.060847
0 0.677444 0.672619 0.039432 0.107143
0 0.754254 0.653439 0.046825 0.060847
0 0.748503 0.569444 0.038610 0.083333
0 0.686069 0.485450 0.053397 0.097884
0 0.792864 0.801587 0.074756 0.126984
0 0.629797 0.659392 0.034503 0.067460
0 0.185366 0.318122 0.050933 0.099206
0 0.230138 0.335317 0.028752 0.067460
3 0.565574 0.477513 0.868852 0.947090
3 0.404706 0.654101 0.778780 0.691798
3 0.154706 0.729497 0.309412 0.541005
3 0.282303 0.173280 0.446895 0.346560