3 0.411423 0.466270 0.810185 0.480159
0 0.200019 0.355820 0.132275 0.052910
0 0.240174 0.323413 0.070862 0.043651
0 0.435043 0.373016 0.205499 0.087302
0 0.338199 0.386243 0.077948 0.029101
0 0.322846 0.426587 0.118103 0.048942
0 0.466931 0.439815 0.094482 0.048942
0 0.175217 0.453704 0.087396 0.082011
0 0.229545 0.513228 0.068500 0.037037
0 0.557870 0.335317 0.106293 0.051587
0 0.487009 0.530423 0.030707 0.021164
0 0.401975 0.525132 0.063776 0.037037
0 0.093726 0.550265 0.042517 0.039683
0 0.251984 0.275794 0.085034 0.027778
0 0.096088 0.398810 0.037793 0.033069