0 0.238095 0.263889 0.108466 0.080688
0 0.377646 0.342593 0.046296 0.082011
0 0.549603 0.304894 0.088624 0.133598
0 0.642857 0.365079 0.113757 0.132275
0 0.751323 0.488757 0.079365 0.075397
0 0.761905 0.381614 0.105820 0.128307
0 0.294312 0.327381 0.054233 0.062169
0 0.474206 0.311508 0.075397 0.059524
0 0.466931 0.406746 0.060847 0.075397
0 0.360450 0.236111 0.085979 0.072751
0 0.683201 0.527116 0.104497 0.133598
0 0.554233 0.440476 0.108466 0.148148
0 0.784392 0.590608 0.052910 0.046296
3 0.529101 0.375661 0.722222 0.555556
3 0.419974 0.642857 0.699735 0.544974