3 0.504630 0.486772 0.739418 0.738095
2 0.537037 0.424603 0.108466 0.084656
2 0.587302 0.354497 0.119048 0.084656
2 0.480820 0.274471 0.109788 0.075397
2 0.599868 0.241402 0.123016 0.099206
2 0.500000 0.170635 0.103175 0.082011
2 0.376323 0.329365 0.115079 0.097884
2 0.300265 0.330026 0.084656 0.075397
2 0.315476 0.175926 0.088624 0.047619
2 0.195106 0.375000 0.072751 0.093915
2 0.224206 0.520503 0.075397 0.085979
2 0.613095 0.604497 0.104497 0.082011
2 0.577381 0.681217 0.101852 0.082011
2 0.555556 0.749339 0.100529 0.064815
2 0.651455 0.730159 0.059524 0.050265
2 0.672619 0.499339 0.093915 0.080688
2 0.804894 0.492725 0.070106 0.080688
2 0.771825 0.314153 0.093915 0.091270