2 0.149485 0.547619 0.218749 0.335979
2 0.289002 0.281085 0.105068 0.117725
2 0.506029 0.626984 0.196357 0.333333
2 0.500000 0.366402 0.039616 0.074074
2 0.605068 0.455688 0.111958 0.136243
2 0.710998 0.686508 0.087844 0.164021
2 0.756642 0.505952 0.039616 0.054233
2 0.711859 0.416005 0.043061 0.067460
2 0.763101 0.399471 0.033587 0.060847
2 0.833721 0.414683 0.055979 0.067460
2 0.836735 0.519841 0.051673 0.060847
2 0.791522 0.568122 0.057701 0.080688
2 0.714443 0.378307 0.037893 0.052910
2 0.819511 0.668651 0.032726 0.043651
2 0.757073 0.791005 0.142101 0.232804
2 0.368234 0.552249 0.048228 0.062169
2 0.306226 0.588624 0.148129 0.211640
2 0.333355 0.730159 0.092150 0.087302
3 0.460384 0.533730 0.907721 0.747354