3 0.501323 0.627646 0.978836 0.744708
3 0.452381 0.283069 0.904762 0.566138
2 0.673942 0.141534 0.207672 0.158730
2 0.561508 0.114418 0.138889 0.136243
2 0.443783 0.264550 0.257937 0.177249
2 0.271825 0.412037 0.408730 0.202381
2 0.296958 0.117725 0.157407 0.129630
2 0.375661 0.043651 0.174603 0.087302
2 0.547619 0.650132 0.296296 0.173280
2 0.872354 0.725529 0.255291 0.191799
2 0.521164 0.903439 0.645503 0.193122
2 0.136905 0.811508 0.194444 0.199735
2 0.136905 0.160714 0.101852 0.096561
0 0.362434 0.595899 0.140212 0.104497
0 0.296958 0.751323 0.133598 0.156085
0 0.103836 0.944444 0.088624 0.060847
0 0.725529 0.496032 0.104497 0.058201
0 0.896825 0.461640 0.119048 0.103175
0 0.604497 0.420635 0.195767 0.121693
0 0.744709 0.398810 0.116402 0.117725