4 0.296034 0.445767 0.210147 0.129630
4 0.455851 0.338624 0.173062 0.071429
4 0.605956 0.333995 0.074170 0.067460
4 0.461149 0.587302 0.215445 0.206349
4 0.501766 0.441138 0.091829 0.083333
4 0.600659 0.408069 0.105956 0.048942
4 0.109727 0.492063 0.148339 0.105820
4 0.129916 0.644841 0.259832 0.239418
4 0.347246 0.764550 0.301976 0.179894
4 0.706615 0.476190 0.095361 0.079365
4 0.598893 0.546296 0.081233 0.087302
4 0.570638 0.652778 0.088297 0.072751
4 0.786082 0.366402 0.056510 0.034392
3 0.318108 0.455688 0.282551 0.186508
3 0.406405 0.609127 0.314338 0.257937
3 0.572404 0.660053 0.109488 0.089947
3 0.622733 0.547619 0.097127 0.116402
3 0.505298 0.439153 0.169530 0.084656
3 0.439958 0.351190 0.208381 0.096561
3 0.133567 0.499339 0.157169 0.101852
3 0.130035 0.640873 0.248998 0.257937
3 0.312810 0.790344 0.360252 0.220899
3 0.722509 0.483466 0.102425 0.091270
3 0.633329 0.431217 0.188956 0.113757
3 0.615669 0.336640 0.139509 0.099206
3 0.787848 0.370370 0.091829 0.052910
3 0.745466 0.285714 0.180126 0.108466
3 0.839944 0.273810 0.111254 0.116402
3 0.882326 0.369048 0.097127 0.071429
3 0.100014 0.066138 0.121850 0.129630
3 0.248353 0.069444 0.171296 0.138888
3 0.430245 0.058201 0.118318 0.116402
3 0.515893 0.051587 0.116552 0.103174
3 0.673945 0.044974 0.139509 0.089947
3 0.748998 0.026455 0.091829 0.052910