3 0.457617 0.248677 0.635739 0.492063
3 0.824933 0.322751 0.339061 0.473545
3 0.402873 0.701058 0.632207 0.542328
3 0.660701 0.730159 0.596888 0.539682
0 0.434660 0.820106 0.271955 0.137566
0 0.371086 0.722884 0.091829 0.051587
0 0.484107 0.665344 0.173062 0.137566
0 0.530021 0.574074 0.077701 0.076720
0 0.602425 0.589947 0.116552 0.174603
0 0.568872 0.376984 0.088297 0.050265
0 0.511479 0.322751 0.068872 0.074074
0 0.591829 0.304894 0.088297 0.091270
0 0.667764 0.326058 0.095361 0.154762
0 0.532670 0.164021 0.164233 0.132275
0 0.433777 0.176587 0.171296 0.144180
0 0.298683 0.086640 0.141275 0.112434
0 0.802859 0.270503 0.097127 0.091270
0 0.834646 0.355159 0.082999 0.104497
0 0.762242 0.447090 0.047680 0.042328
0 0.847890 0.473545 0.095361 0.100529
0 0.739285 0.630952 0.051212 0.111111
0 0.658935 0.777116 0.042383 0.075397
0 0.638626 0.884921 0.220743 0.097884
0 0.806391 0.767857 0.114786 0.130952
0 0.253651 0.856481 0.058276 0.075397