2 0.273781 0.566138 0.223579 0.195767
2 0.414177 0.654101 0.078341 0.236772
2 0.492518 0.493386 0.108268 0.134921
2 0.561616 0.427249 0.126753 0.113757
2 0.600786 0.504630 0.048413 0.067460
2 0.631154 0.753307 0.047532 0.070106
2 0.707734 0.591270 0.045772 0.079365
2 0.604747 0.343915 0.047532 0.060847
2 0.381169 0.391534 0.239423 0.201058
2 0.413737 0.279101 0.142597 0.103175
2 0.149228 0.314815 0.168124 0.097884
2 0.077489 0.226852 0.065137 0.107143
2 0.125022 0.128968 0.084502 0.096561
2 0.184877 0.194444 0.038730 0.058201
2 0.287864 0.156746 0.052814 0.075397
2 0.402734 0.088624 0.073059 0.087302
2 0.056804 0.498677 0.078341 0.291005
2 0.151869 0.491402 0.055455 0.080688
2 0.692330 0.158730 0.430433 0.317460
2 0.904466 0.267857 0.106508 0.078042
2 0.918990 0.181878 0.052814 0.101852
2 0.978420 0.274471 0.043160 0.181217
2 0.976219 0.136905 0.047561 0.085979
2 0.915909 0.410053 0.106508 0.142857
2 0.771551 0.373677 0.206854 0.255291
3 0.384250 0.550265 0.752597 0.677249
3 0.718752 0.265873 0.562496 0.531746
3 0.233730 0.156085 0.463882 0.312169