3 0.663555 0.527394 0.606331 0.842127
3 0.310877 0.309862 0.504870 0.619724
0 0.535308 0.520292 0.077110 0.125812
0 0.676948 0.472606 0.087662 0.204951
0 0.758117 0.581169 0.082792 0.166396
0 0.657062 0.715097 0.049513 0.154221
0 0.607143 0.654221 0.042208 0.142045
0 0.578734 0.674513 0.035714 0.142045
0 0.520292 0.626826 0.056818 0.087256
0 0.482143 0.683644 0.053571 0.099432
0 0.454951 0.770901 0.064123 0.148133
0 0.767045 0.785106 0.050325 0.119724
0 0.701299 0.868304 0.032468 0.083198
0 0.833604 0.810471 0.021104 0.064935
0 0.865666 0.794237 0.041396 0.154221
0 0.901380 0.748580 0.039773 0.148133
0 0.892451 0.646104 0.023539 0.101461
0 0.840503 0.675528 0.049513 0.135958
0 0.842938 0.487825 0.036526 0.101461
0 0.769886 0.905844 0.026786 0.056818
0 0.514610 0.848011 0.038961 0.075081
0 0.418831 0.812500 0.025974 0.077110
0 0.454951 0.868304 0.031656 0.079140
0 0.531250 0.717127 0.031656 0.073052
0 0.793019 0.825690 0.024351 0.046672
0 0.827516 0.901786 0.034903 0.052760
0 0.932630 0.813515 0.021104 0.079140
0 0.907468 0.840909 0.016234 0.077110
0 0.889205 0.879464 0.015422 0.052760