0 0.469192 0.490079 0.063377 0.144180
0 0.466991 0.339947 0.039610 0.063492
0 0.384690 0.418651 0.056335 0.141534
0 0.391291 0.549603 0.029048 0.048942
0 0.453348 0.689153 0.040491 0.052910
0 0.428701 0.776455 0.070418 0.103175
0 0.561176 0.754630 0.088903 0.154762
0 0.554134 0.357804 0.037850 0.048942
0 0.573499 0.435847 0.080101 0.075397
0 0.584502 0.284392 0.063377 0.079365
0 0.520685 0.308201 0.048413 0.134921
3 0.489877 0.540344 0.414589 0.728836
1 0.452468 0.320106 0.705945 0.640212
1 0.566898 0.837302 0.561587 0.325396