0 0.261731 0.382937 0.189344 0.194444
0 0.384360 0.297619 0.170283 0.121693
0 0.522874 0.300265 0.172824 0.082011
0 0.513343 0.236111 0.085141 0.048942
0 0.139738 0.568122 0.062268 0.062169
0 0.142915 0.647487 0.076246 0.091270
0 0.292230 0.675926 0.161387 0.092593
0 0.376100 0.464286 0.265590 0.238095
0 0.574340 0.519180 0.074975 0.104497
0 0.663929 0.524471 0.172824 0.157407
0 0.696333 0.650132 0.082600 0.115079
0 0.804984 0.668651 0.162658 0.138889
0 0.824681 0.775794 0.174095 0.104497
0 0.167059 0.500661 0.086412 0.075397
0 0.674095 0.269841 0.058455 0.076720
3 0.379277 0.507275 0.673506 0.707672
3 0.709676 0.623677 0.574386 0.556878