3 0.470772 0.522487 0.926386 0.809524
2 0.453433 0.427249 0.081245 0.100529
2 0.312741 0.533069 0.152581 0.216931
2 0.181957 0.552249 0.103042 0.186508
2 0.533191 0.262566 0.096106 0.070106
2 0.557466 0.175265 0.103042 0.062169
2 0.436590 0.322751 0.033687 0.034392
2 0.338997 0.331349 0.058456 0.054233
2 0.702616 0.257937 0.034678 0.037037
2 0.718468 0.347222 0.068364 0.096561
2 0.696671 0.505952 0.165461 0.215608
2 0.593134 0.552910 0.057466 0.063492
2 0.469286 0.658069 0.154563 0.199735
2 0.469781 0.833333 0.050530 0.066138
2 0.419251 0.869709 0.038641 0.051587
2 0.588675 0.799603 0.236798 0.199735
2 0.796245 0.740741 0.085208 0.105820
2 0.848757 0.505291 0.190231 0.314815
2 0.814079 0.392857 0.041613 0.052910
2 0.819033 0.291005 0.043595 0.037037
2 0.834391 0.266534 0.018825 0.038360
2 0.764045 0.275794 0.046567 0.051587
2 0.081888 0.457011 0.067373 0.128307
2 0.266174 0.828704 0.027742 0.027778
2 0.323640 0.886905 0.033687 0.033069
2 0.355841 0.829365 0.036659 0.029101
2 0.377638 0.871032 0.018825 0.033069
2 0.523779 0.430556 0.051521 0.046296
2 0.551521 0.404762 0.051521 0.066138
2 0.140344 0.394180 0.029724 0.034392
2 0.161151 0.340608 0.071337 0.080688
2 0.213167 0.402778 0.022788 0.043651