3 0.531195 0.656085 0.937610 0.687830
3 0.503086 0.381614 0.993827 0.570106
3 0.552690 0.188492 0.894620 0.353175
0 0.713294 0.455026 0.073854 0.089947
0 0.506063 0.531746 0.067240 0.060847
0 0.416777 0.783069 0.042989 0.050265
0 0.256944 0.648810 0.109127 0.091270
0 0.933201 0.679894 0.066138 0.063492
0 0.961089 0.619709 0.077822 0.120370
0 0.755181 0.726852 0.069444 0.048942
0 0.786045 0.810847 0.109127 0.074074
0 0.654872 0.718254 0.067240 0.047619
0 0.633377 0.853175 0.050705 0.058201
0 0.496693 0.775132 0.044092 0.037037
0 0.342372 0.218915 0.063933 0.056878
0 0.226631 0.322751 0.088183 0.119048
0 0.421186 0.168651 0.069444 0.035714
0 0.327491 0.149471 0.060626 0.042328
0 0.424493 0.065476 0.034171 0.030423
0 0.886354 0.359788 0.020944 0.060847
0 0.918871 0.279762 0.015432 0.027778
0 0.529211 0.150132 0.049603 0.059524
0 0.232143 0.542328 0.035273 0.042328
0 0.396936 0.668651 0.042989 0.062169