0 0.404055 0.633598 0.195411 0.238095
0 0.252655 0.554894 0.022886 0.125661
0 0.210844 0.703704 0.115310 0.140212
0 0.358283 0.832011 0.109149 0.095238
0 0.569538 0.682540 0.096825 0.142857
0 0.558095 0.532407 0.098586 0.091270
0 0.568218 0.454365 0.081861 0.104497
0 0.502641 0.453042 0.051053 0.075397
0 0.437504 0.463624 0.052814 0.067460
0 0.552814 0.355820 0.109149 0.079365
0 0.740743 0.654762 0.055455 0.140212
0 0.645678 0.490741 0.043131 0.145503
0 0.672965 0.460979 0.055455 0.120370
0 0.669004 0.589286 0.044012 0.133598
2 0.177835 0.555556 0.353853 0.534392
2 0.215685 0.578042 0.225339 0.383598
2 0.407576 0.308862 0.376739 0.160053
2 0.556335 0.359788 0.366176 0.148148
2 0.743824 0.832011 0.165483 0.216931
2 0.793117 0.393519 0.258788 0.279101
2 0.937475 0.480159 0.116190 0.158730
2 0.908882 0.667989 0.182236 0.346561
3 0.190144 0.569444 0.380288 0.604497
3 0.380729 0.296958 0.430433 0.170635
3 0.488117 0.628307 0.736753 0.626984
3 0.816457 0.404762 0.367085 0.312169
3 0.888636 0.671958 0.222727 0.322751