3 0.534329 0.363757 0.279913 0.177249
1 0.686609 0.267196 0.313362 0.534392
1 0.391291 0.259259 0.279033 0.518518
3 0.144812 0.729497 0.289624 0.326720
3 0.178276 0.927249 0.219177 0.145502
3 0.431342 0.795635 0.318644 0.408730
3 0.669885 0.806878 0.260548 0.357143
3 0.893023 0.759259 0.066017 0.161376
3 0.950693 0.689815 0.098614 0.289683
3 0.856948 0.902116 0.286104 0.195767
3 0.961696 0.945106 0.076608 0.109788
3 0.522886 0.966270 0.121472 0.067460
3 0.040519 0.962963 0.077460 0.074074
2 0.414618 0.822090 0.042251 0.033069
2 0.330556 0.883598 0.037850 0.044974
2 0.345079 0.763228 0.044012 0.034392
2 0.340678 0.803571 0.035209 0.030423
2 0.304149 0.832672 0.037850 0.083333
2 0.421219 0.692460 0.044892 0.033069
2 0.439264 0.634259 0.063377 0.043651
2 0.401854 0.762566 0.022006 0.038360
2 0.469192 0.728175 0.026407 0.048942
2 0.513644 0.677910 0.048413 0.046296
2 0.523766 0.739418 0.035209 0.037037