1 0.561016 0.384921 0.472876 0.515873
3 0.501907 0.462963 0.995328 0.910053
0 0.742635 0.057540 0.124893 0.115079
0 0.466155 0.025132 0.159214 0.050264
0 0.965940 0.034392 0.068119 0.068783
0 0.903494 0.416005 0.193012 0.287037
0 0.751692 0.732143 0.104872 0.178571
0 0.087663 0.347222 0.090571 0.149471
0 0.052388 0.176587 0.050529 0.112434
0 0.183955 0.216931 0.048622 0.079365
0 0.268329 0.127646 0.097245 0.149471
0 0.331729 0.542328 0.061970 0.084656
0 0.402279 0.694444 0.115359 0.092593
0 0.420393 0.763228 0.086758 0.116402
0 0.455668 0.641534 0.056249 0.066138
0 0.529078 0.794974 0.067690 0.087302
0 0.615836 0.679233 0.046716 0.064815
0 0.927591 0.625661 0.109639 0.129630
0 0.306941 0.852513 0.096291 0.149471