3 0.500440 0.484127 0.992020 0.690476
0 0.827886 0.535053 0.046652 0.109788
0 0.775512 0.472222 0.075700 0.140212
0 0.720058 0.622354 0.044012 0.096561
0 0.758348 0.652778 0.043131 0.107143
0 0.708615 0.736772 0.029928 0.050265
0 0.674286 0.756614 0.031688 0.055556
0 0.614430 0.709656 0.058095 0.064815
0 0.530808 0.761905 0.042251 0.071429
0 0.504401 0.603175 0.068658 0.087302
0 0.306789 0.619709 0.051934 0.099206
0 0.147908 0.518519 0.038730 0.050265
0 0.161991 0.599868 0.088023 0.096561
0 0.205563 0.473545 0.032569 0.050265
0 0.935714 0.592593 0.026407 0.029101
0 0.888622 0.574074 0.022006 0.044974
0 0.485476 0.718915 0.037850 0.043651
0 0.480195 0.768519 0.027287 0.052910
0 0.835808 0.740079 0.043131 0.038360