3 0.493625 0.496693 0.905226 0.914021
2 0.468126 0.190476 0.387954 0.280423
2 0.714923 0.149471 0.138425 0.132275
2 0.233168 0.123677 0.216744 0.080688
2 0.173062 0.201058 0.034606 0.015873
2 0.128438 0.171296 0.047356 0.017196
2 0.248650 0.323413 0.149353 0.146825
2 0.540070 0.638228 0.451702 0.493386
2 0.661192 0.360450 0.045535 0.030423
2 0.734958 0.367063 0.040070 0.080688
2 0.713101 0.228836 0.036428 0.029101
2 0.294184 0.430556 0.182138 0.070106
2 0.151206 0.516534 0.187602 0.136243
2 0.124796 0.330026 0.109283 0.202381
2 0.285077 0.715608 0.233137 0.193122
2 0.809635 0.880291 0.047356 0.043651