3 0.705534 0.531746 0.418110 0.653439
3 0.287864 0.515873 0.424271 0.658730
0 0.619271 0.384259 0.051934 0.070106
0 0.683088 0.285053 0.105628 0.070106
0 0.711696 0.433862 0.081861 0.124339
0 0.391291 0.683201 0.094185 0.260582
0 0.452908 0.394180 0.067778 0.137566
0 0.580541 0.677249 0.046652 0.084656
0 0.522446 0.637566 0.020245 0.037037
0 0.542251 0.736111 0.024646 0.067460
0 0.570859 0.781746 0.039610 0.050265
0 0.838889 0.372354 0.047532 0.083333
0 0.686169 0.546958 0.023766 0.048942
0 0.812482 0.547619 0.033449 0.050265
0 0.835368 0.586640 0.033449 0.085979
0 0.860014 0.498677 0.022886 0.063492
0 0.887302 0.455688 0.026407 0.075397