6 0.241477 0.512175 0.056006 0.221861
6 0.220779 0.629870 0.089286 0.151515
6 0.315341 0.628517 0.127435 0.113636
6 0.131088 0.562906 0.052760 0.315206
6 0.461445 0.595373 0.202110 0.098755
6 0.433442 0.650839 0.069805 0.139340
6 0.558036 0.485795 0.057630 0.155574
6 0.431818 0.362013 0.051948 0.102814
6 0.491071 0.394481 0.105519 0.089286
6 0.391234 0.331575 0.071429 0.077110
6 0.346185 0.311282 0.096591 0.066288
6 0.275568 0.328869 0.070617 0.058171
6 0.317776 0.367424 0.057630 0.089286
6 0.336851 0.462798 0.038961 0.112284
6 0.286120 0.474297 0.072240 0.197511
6 0.383929 0.460768 0.061688 0.205628
6 0.639205 0.403274 0.083604 0.139340
6 0.556412 0.326840 0.085227 0.078463
6 0.469968 0.268669 0.100649 0.094697
6 0.583604 0.260552 0.116883 0.124459
6 0.715503 0.397186 0.078734 0.170455
6 0.510146 0.785444 0.044643 0.129870
6 0.182630 0.740124 0.064935 0.112284
6 0.177354 0.462121 0.065747 0.211039
6 0.362825 0.773268 0.092532 0.119048
6 0.669643 0.608902 0.053571 0.117695
6 0.630276 0.605519 0.085227 0.221861
6 0.533279 0.694805 0.081169 0.113636