2 0.375022 0.487434 0.197334 0.247354
2 0.476320 0.548280 0.080688 0.125661
2 0.538590 0.293651 0.240309 0.330688
2 0.257498 0.274471 0.144712 0.347884
2 0.133397 0.314815 0.142081 0.230159
2 0.139974 0.566799 0.255219 0.265873
2 0.145237 0.875000 0.118401 0.149471
2 0.592089 0.698413 0.147343 0.449735
2 0.442554 0.843915 0.135941 0.140212
2 0.348710 0.935847 0.090335 0.128306
2 0.838100 0.389550 0.048237 0.170635
2 0.165847 0.185185 0.047360 0.074074
2 0.375460 0.144180 0.122786 0.100529
0 0.785477 0.615741 0.074549 0.112434
0 0.753027 0.530423 0.037713 0.055556
0 0.699088 0.580688 0.049114 0.063492
0 0.761797 0.300265 0.048237 0.092593
0 0.683740 0.308201 0.064024 0.113757
0 0.680232 0.227513 0.079811 0.084656
0 0.545168 0.189153 0.065778 0.055556
0 0.497807 0.140873 0.044729 0.054233
0 0.604806 0.060847 0.049991 0.058201
0 0.629364 0.020503 0.049991 0.038360
0 0.694703 0.052249 0.033328 0.043651
0 0.924927 0.128307 0.049991 0.105820
0 0.148306 0.167328 0.043852 0.067460
0 0.177687 0.069444 0.065778 0.070106
0 0.045254 0.368386 0.023680 0.048942
0 0.011445 0.717593 0.022889 0.054233
0 0.046569 0.663360 0.017541 0.067460
3 0.357919 0.547619 0.627962 0.904762
3 0.673654 0.432540 0.413964 0.703704
3 0.728908 0.220899 0.482373 0.441798
3 0.217111 0.400794 0.434222 0.801587