3 0.415924 0.428571 0.831847 0.857142
3 0.260563 0.872354 0.521126 0.255291
3 0.748240 0.820767 0.503520 0.358466
0 0.454228 0.459656 0.103867 0.263228
0 0.610029 0.385582 0.051053 0.085979
0 0.176955 0.503968 0.114430 0.142857
0 0.133384 0.694444 0.058975 0.063492
0 0.176075 0.931217 0.065137 0.124339
0 0.112698 0.919974 0.065137 0.080688
0 0.053723 0.943122 0.036970 0.095238
0 0.568658 0.902116 0.075700 0.153439
0 0.656681 0.861772 0.088023 0.136243
0 0.831847 0.962302 0.105628 0.075396
0 0.890382 0.705026 0.097706 0.084656
0 0.232850 0.809524 0.110029 0.037037
0 0.137785 0.799603 0.085382 0.043651
0 0.232850 0.737434 0.067778 0.064815
0 0.776392 0.423942 0.056335 0.051587
0 0.420779 0.959656 0.151400 0.080688