2 0.268939 0.430556 0.060736 0.051587
2 0.499560 0.250661 0.039610 0.054233
2 0.636876 0.303571 0.090664 0.075397
2 0.812922 0.664683 0.224459 0.308201
2 0.743824 0.527116 0.116190 0.115079
2 0.728420 0.422619 0.046652 0.054233
2 0.753506 0.335979 0.031688 0.029101
2 0.717857 0.226852 0.076580 0.080688
2 0.515404 0.612434 0.094185 0.060847
2 0.620152 0.527778 0.069538 0.089947
2 0.192359 0.511905 0.176926 0.291005
2 0.321313 0.244709 0.068658 0.089947
2 0.346400 0.462963 0.155801 0.224868
2 0.429141 0.248016 0.058975 0.083333
2 0.418139 0.765212 0.184848 0.170635
2 0.184877 0.761905 0.179567 0.111111
2 0.610469 0.749339 0.097706 0.146825
2 0.851212 0.408069 0.095065 0.162698
2 0.573059 0.241402 0.059856 0.078042
2 0.565577 0.358466 0.044892 0.076720
2 0.489437 0.400794 0.109149 0.179894
0 0.121501 0.493386 0.089784 0.089947
0 0.184877 0.459656 0.088023 0.078042
0 0.334957 0.346561 0.055455 0.058201
0 0.053723 0.629630 0.056335 0.066138
0 0.520685 0.280423 0.016724 0.034392
0 0.400534 0.382275 0.014084 0.023810
0 0.447186 0.502646 0.024646 0.044974
0 0.864856 0.636243 0.037850 0.055556
0 0.777273 0.657407 0.029928 0.034392
0 0.852532 0.563492 0.030808 0.023810
0 0.800599 0.402778 0.032569 0.043651
0 0.537410 0.657407 0.081861 0.060847
3 0.378514 0.392196 0.757027 0.784392
3 0.459509 0.586640 0.850303 0.633598
3 0.611349 0.689815 0.580072 0.379630