3 0.375161 0.294974 0.596454 0.537037
3 0.748687 0.523810 0.321015 0.349206
3 0.818538 0.829365 0.302190 0.341270
0 0.764540 0.765873 0.045576 0.050265
0 0.345933 0.444444 0.106014 0.111111
0 0.275587 0.377646 0.052512 0.059524
0 0.221589 0.319444 0.110968 0.067460
0 0.296889 0.295635 0.065392 0.054233
0 0.316209 0.205026 0.058456 0.050265
0 0.460369 0.218915 0.051521 0.096561
0 0.424205 0.308201 0.042604 0.068783
0 0.383583 0.363095 0.068364 0.088624
0 0.468790 0.310185 0.046567 0.091270
0 0.544090 0.331349 0.050530 0.062169
0 0.535173 0.190476 0.050530 0.050265
0 0.515357 0.278439 0.068364 0.101852
0 0.597592 0.259921 0.070346 0.141534
0 0.721441 0.499339 0.048549 0.054233
0 0.676360 0.542328 0.069355 0.058201
0 0.812593 0.459656 0.048549 0.064815
0 0.211186 0.501984 0.092143 0.091270
0 0.806153 0.792989 0.031705 0.038360
0 0.803181 0.743386 0.033687 0.023810
0 0.781383 0.720238 0.051521 0.046296
0 0.843308 0.735450 0.050530 0.068783
0 0.896315 0.796296 0.037650 0.084656
0 0.862628 0.842593 0.037650 0.047619
0 0.805162 0.634921 0.025760 0.047619
0 0.747697 0.601190 0.047558 0.043651
0 0.685277 0.594577 0.031705 0.051587
0 0.424205 0.459656 0.020807 0.027778
0 0.405875 0.426587 0.031705 0.033069
0 0.225552 0.404762 0.041613 0.079365
0 0.789805 0.885582 0.147627 0.120370
0 0.544585 0.426587 0.027742 0.059524
0 0.503963 0.369709 0.029724 0.054233
0 0.626325 0.344577 0.032696 0.046296