2 0.343759 0.443783 0.479726 0.784392
2 0.631154 0.564815 0.225339 0.261905
2 0.830967 0.528439 0.084502 0.154762
0 0.584502 0.875000 0.042251 0.033069
0 0.820844 0.685185 0.016724 0.034392
0 0.771551 0.786376 0.036089 0.054233
0 0.869257 0.634259 0.029048 0.078042
0 0.860455 0.732804 0.058975 0.068783
0 0.774632 0.497354 0.024646 0.042328
0 0.786515 0.575397 0.037850 0.044974
0 0.658882 0.618386 0.041371 0.041005
0 0.593304 0.671296 0.047532 0.062169
3 0.344639 0.445106 0.507893 0.810847
3 0.678687 0.677910 0.475325 0.501323