2 0.336851 0.220779 0.051948 0.074675
2 0.364854 0.364448 0.044643 0.063312
2 0.409497 0.288961 0.034903 0.081169
2 0.547078 0.653409 0.157468 0.355519
2 0.455357 0.689935 0.042208 0.224026
2 0.574269 0.921266 0.187500 0.157468
2 0.734984 0.727273 0.103084 0.282468
2 0.683036 0.435065 0.073864 0.353896
2 0.782468 0.446429 0.113636 0.347403
2 0.247971 0.075487 0.094968 0.150974
2 0.169237 0.113636 0.039773 0.110390
2 0.166396 0.277597 0.066558 0.136364
2 0.105114 0.370130 0.052760 0.048701
2 0.088880 0.041396 0.051136 0.063312
2 0.040990 0.299513 0.043019 0.128247
2 0.606737 0.170455 0.094968 0.126623
3 0.137581 0.196429 0.275162 0.392857
3 0.436688 0.313312 0.412338 0.626623
3 0.624188 0.578734 0.389610 0.826299