3 0.260552 0.231686 0.501623 0.458097
3 0.680601 0.380749 0.434253 0.258861
3 0.661932 0.564715 0.448864 0.338846
3 0.672484 0.791582 0.426136 0.341755
0 0.540584 0.719596 0.037338 0.069805
0 0.712662 0.737047 0.024351 0.049445
0 0.728490 0.809761 0.031656 0.046537
0 0.715097 0.859933 0.074675 0.053808
0 0.767857 0.762497 0.040584 0.045083
0 0.814123 0.774858 0.032468 0.069805
0 0.509334 0.543628 0.031656 0.055262
0 0.571429 0.593074 0.064935 0.061080
0 0.609578 0.572714 0.029221 0.031994
0 0.536120 0.488366 0.026786 0.043628
0 0.511364 0.462916 0.024351 0.033448
0 0.756088 0.609071 0.020292 0.031994
0 0.622159 0.633066 0.044643 0.033448
0 0.647727 0.404745 0.084416 0.079985
2 0.148945 0.276042 0.177760 0.296672
2 0.053977 0.113298 0.107954 0.226596
2 0.253653 0.056581 0.122565 0.113162
2 0.485390 0.110981 0.019481 0.027631
2 0.346185 0.206964 0.028409 0.039265
2 0.432224 0.193148 0.031656 0.049445
2 0.310065 0.270952 0.061688 0.062534
2 0.655032 0.916650 0.092532 0.085802
2 0.797890 0.886837 0.055195 0.066897