4 0.223939 0.731481 0.384145 0.338624
4 0.692073 0.560185 0.486033 0.334656
4 0.372640 0.204365 0.323563 0.112434
4 0.626671 0.291667 0.173485 0.197090
4 0.514457 0.064153 0.161093 0.128306
4 0.047012 0.155423 0.074351 0.075397
4 0.079368 0.259259 0.141817 0.097884
4 0.265245 0.060847 0.128048 0.084656
4 0.128247 0.089947 0.071597 0.105820
3 0.241739 0.729497 0.483478 0.414021
3 0.701022 0.641534 0.559007 0.497354
3 0.468332 0.320106 0.542484 0.383598
3 0.159815 0.367725 0.319630 0.333333
3 0.091661 0.125661 0.183321 0.251322
3 0.402931 0.088624 0.436466 0.177248