1 0.177283 0.444444 0.061205 0.037037
1 0.287174 0.421958 0.058423 0.031746
1 0.372026 0.390873 0.089025 0.035714
1 0.288565 0.349206 0.105718 0.037037
1 0.363680 0.473545 0.127974 0.039683
1 0.061828 0.543651 0.047295 0.026455
1 0.110514 0.566799 0.050077 0.027778
1 0.024270 0.578042 0.038949 0.026455
1 0.288565 0.791667 0.166923 0.046296
1 0.586243 0.635582 0.044513 0.022487
1 0.835236 0.565476 0.080679 0.027778
1 0.757339 0.516534 0.080679 0.030423
1 0.886704 0.482143 0.050077 0.027778
1 0.747602 0.282407 0.055641 0.027778
1 0.691961 0.286376 0.038949 0.033069
1 0.812980 0.355159 0.080679 0.027778
1 0.736474 0.242725 0.050077 0.030423
1 0.743429 0.220899 0.063987 0.026455
1 0.787942 0.224206 0.058423 0.022487
1 0.835236 0.204365 0.047295 0.017196
1 0.874185 0.236111 0.052859 0.027778
1 0.402628 0.291005 0.038949 0.023810
1 0.310821 0.300265 0.055641 0.023810