3 0.440722 0.426587 0.881443 0.853174
1 0.883329 0.398810 0.233342 0.559524
1 0.441605 0.767196 0.883209 0.455026
0 0.539734 0.599868 0.100659 0.099206
0 0.627148 0.287698 0.158935 0.104497
0 0.316342 0.430556 0.105956 0.099206
0 0.256300 0.029101 0.176594 0.058201
0 0.469096 0.048280 0.114786 0.043651
0 0.102663 0.181217 0.134212 0.224868
0 0.687190 0.210979 0.095361 0.059524
0 0.756061 0.421296 0.067106 0.054233
0 0.834646 0.553571 0.051212 0.051587
0 0.810806 0.626323 0.063574 0.072751
0 0.549446 0.374339 0.049446 0.052910
2 0.274842 0.613757 0.418528 0.378307
2 0.704849 0.536376 0.363784 0.300265