3 0.466680 0.531085 0.920956 0.937830
3 0.737067 0.479497 0.522203 0.958994
3 0.239075 0.052249 0.478150 0.104497
2 0.200116 0.450397 0.064456 0.101852
2 0.280413 0.586640 0.104878 0.160053
2 0.081036 0.630952 0.156224 0.177249
2 0.123096 0.830026 0.126727 0.228836
2 0.078851 0.935185 0.090675 0.129630
2 0.020034 0.738757 0.040068 0.138889
2 0.642022 0.710317 0.233790 0.227513
2 0.648577 0.413360 0.083028 0.117725
2 0.563364 0.296958 0.139837 0.104497
2 0.719587 0.356481 0.148577 0.146825
2 0.646392 0.218254 0.120172 0.108466
2 0.513656 0.140212 0.125635 0.097884
2 0.394576 0.261905 0.097230 0.066138
2 0.265664 0.054233 0.079751 0.052910
2 0.484159 0.041667 0.125635 0.083333
2 0.171711 0.054894 0.077566 0.059524
2 0.038606 0.021825 0.077212 0.043650
2 0.081582 0.097222 0.050254 0.043651
2 0.097969 0.448413 0.124542 0.156085
2 0.731058 0.043651 0.103785 0.087302
2 0.811355 0.189815 0.192276 0.223545
2 0.951738 0.371032 0.073196 0.181217
2 0.959209 0.584656 0.081582 0.161376
2 0.739252 0.956349 0.124542 0.087302