3 0.618912 0.752696 0.565747 0.494607
3 0.812500 0.650319 0.358766 0.392311
3 0.396104 0.256067 0.673701 0.512133
0 0.382305 0.659756 0.043831 0.111896
0 0.743912 0.568756 0.043019 0.035052
0 0.841315 0.847822 0.047890 0.115941
0 0.791396 0.715704 0.048701 0.086282
0 0.895292 0.596393 0.051948 0.084933
0 0.933847 0.720422 0.046266 0.101111
0 0.692370 0.905793 0.056818 0.072800
0 0.468750 0.588978 0.047890 0.056622
0 0.442776 0.753452 0.030032 0.072800
0 0.530438 0.630096 0.031656 0.074148
0 0.657468 0.645600 0.034091 0.059319
0 0.761364 0.834341 0.084416 0.099763
0 0.544643 0.745363 0.081169 0.088978
0 0.599432 0.575496 0.051136 0.072800
0 0.628653 0.706941 0.081981 0.136163
0 0.840097 0.940171 0.066558 0.066059
0 0.762987 0.936126 0.064935 0.071452
0 0.683442 0.601785 0.066558 0.095719