0 0.646164 0.451058 0.210317 0.132275
0 0.529762 0.380952 0.138889 0.079365
0 0.491402 0.332672 0.041005 0.043651
0 0.591931 0.292328 0.062169 0.044974
0 0.492063 0.285053 0.296296 0.120370
0 0.478175 0.461640 0.054233 0.047619
0 0.443783 0.417989 0.062169 0.044974
0 0.493386 0.554233 0.103175 0.071429
0 0.527778 0.619048 0.119048 0.092593
0 0.576720 0.533730 0.052910 0.046296
0 0.613757 0.540344 0.029101 0.025132
0 0.608466 0.615079 0.034392 0.047619
0 0.662037 0.598545 0.033069 0.038360
0 0.688492 0.651455 0.051587 0.033069
0 0.767196 0.658069 0.066138 0.048942
0 0.792989 0.611111 0.043651 0.029101
0 0.779101 0.535714 0.082011 0.113757
0 0.753968 0.709656 0.023810 0.019841
0 0.673280 0.773148 0.050265 0.046296
0 0.396164 0.670635 0.115079 0.084656
0 0.335317 0.653439 0.054233 0.044974
0 0.376323 0.590608 0.064815 0.088624
0 0.353836 0.530423 0.030423 0.023810
0 0.318783 0.511243 0.068783 0.056878
0 0.292328 0.546958 0.084656 0.048942
0 0.273148 0.492725 0.067460 0.080688
0 0.206349 0.550265 0.166667 0.074074
0 0.205688 0.693122 0.218254 0.224868
0 0.214286 0.835317 0.089947 0.072751
0 0.315476 0.878968 0.096561 0.051587
0 0.361111 0.751984 0.042328 0.033069
0 0.368386 0.720899 0.067460 0.023810
0 0.143519 0.458333 0.255291 0.154762
0 0.497354 0.777116 0.026455 0.035714
0 0.483466 0.834656 0.109788 0.047619
3 0.587963 0.515212 0.525132 0.609788
3 0.274471 0.632937 0.530423 0.607143
1 0.277116 0.746693 0.554232 0.506614
1 0.790344 0.445106 0.419312 0.821429