3 0.497359 0.471561 0.973535 0.890212
2 0.243413 0.488757 0.463882 0.715608
2 0.686609 0.353175 0.082742 0.108466
2 0.535209 0.310185 0.047532 0.062169
2 0.597266 0.226190 0.057215 0.052910
2 0.503521 0.548280 0.031688 0.054233
2 0.578781 0.801587 0.192771 0.148148
2 0.700253 0.712302 0.039610 0.072751
2 0.674726 0.567460 0.034329 0.039683
2 0.783874 0.627646 0.030808 0.054233
2 0.753506 0.702381 0.033449 0.058201
2 0.789596 0.490079 0.077460 0.173280
2 0.755707 0.873016 0.138196 0.068783
2 0.901385 0.814815 0.061616 0.105820
2 0.880260 0.617725 0.128514 0.195767