3 0.190476 0.374339 0.087302 0.076720
3 0.302249 0.324735 0.070106 0.064815
3 0.380291 0.329365 0.088624 0.100529
3 0.307540 0.167328 0.059524 0.051587
3 0.494709 0.167328 0.068783 0.062169
3 0.607804 0.238095 0.146825 0.100529
3 0.478836 0.280423 0.087302 0.068783
3 0.592593 0.351190 0.111111 0.093915
3 0.535714 0.423942 0.137566 0.133598
3 0.227513 0.513889 0.095238 0.078042
3 0.575397 0.686508 0.084656 0.082011
3 0.542989 0.737434 0.088624 0.070106
3 0.612434 0.607143 0.100529 0.103175
3 0.659392 0.725529 0.072751 0.056878
3 0.677910 0.492725 0.104497 0.096561
3 0.804233 0.490741 0.082011 0.092593
3 0.770503 0.309524 0.096561 0.087302