3 0.500000 0.472884 1.000000 0.562169
3 0.194373 0.121032 0.388746 0.242063
3 0.692607 0.083333 0.614786 0.166666
4 0.532670 0.675265 0.729334 0.115079
4 0.019545 0.437831 0.039089 0.140212
4 0.849656 0.246693 0.077701 0.041005
0 0.111493 0.136905 0.116552 0.146825
0 0.268662 0.093254 0.137743 0.120370
0 0.281906 0.519841 0.139509 0.174603
0 0.541500 0.480820 0.203083 0.302910
0 0.684541 0.516534 0.171296 0.186508
0 0.655403 0.265212 0.208381 0.064815
0 0.246587 0.324074 0.220743 0.068783
0 0.072523 0.447751 0.145046 0.149471
0 0.119440 0.640873 0.171296 0.070106
0 0.101780 0.574074 0.082999 0.121693
0 0.394926 0.410714 0.040617 0.048942
0 0.737519 0.404762 0.079467 0.095238
0 0.807274 0.539683 0.109488 0.134921
0 0.904401 0.385582 0.067106 0.083333