0 0.388983 0.152778 0.122827 0.059524
0 0.333475 0.263228 0.044879 0.037037
0 0.231907 0.233466 0.092120 0.059524
0 0.517715 0.388889 0.177154 0.060847
0 0.631094 0.459656 0.181878 0.038360
0 0.659439 0.412037 0.134637 0.064815
0 0.696051 0.349868 0.070862 0.027778
0 0.583853 0.332672 0.092120 0.027778
0 0.440949 0.440476 0.042517 0.018519
0 0.420871 0.276455 0.082672 0.037037
0 0.478741 0.245370 0.099206 0.027778
0 0.393707 0.224868 0.051965 0.021164
0 0.267337 0.144841 0.044879 0.009259
0 0.332294 0.105820 0.094482 0.034392
0 0.544879 0.201058 0.066138 0.026455
0 0.481104 0.346561 0.066138 0.018519
3 0.588577 0.412698 0.498394 0.253968
3 0.386621 0.231481 0.557445 0.312169
1 0.287793 0.201720 0.575586 0.403439