3 0.500000 0.519841 1.000000 0.854497
2 0.136010 0.624339 0.272020 0.526455
2 0.324834 0.613095 0.077460 0.112434
2 0.302828 0.753968 0.040491 0.071429
2 0.349921 0.448413 0.155801 0.291005
2 0.553254 0.601852 0.291356 0.433862
2 0.605628 0.856481 0.077460 0.120370
2 0.348600 0.853175 0.447157 0.179894
2 0.753947 0.824735 0.055455 0.109788
2 0.500000 0.347222 1.000000 0.488095
2 0.908427 0.578704 0.117951 0.120370
2 0.847251 0.736111 0.125873 0.167989
2 0.907121 0.806878 0.185758 0.275132
2 0.929113 0.459656 0.037850 0.062169
2 0.991623 0.425265 0.016753 0.152116