0 0.579661 0.272487 0.027287 0.042328
0 0.548853 0.362434 0.020245 0.039683
0 0.511883 0.389550 0.022006 0.038360
0 0.534769 0.589947 0.022006 0.060847
0 0.518485 0.527778 0.015844 0.042328
0 0.406696 0.505952 0.019365 0.033069
0 0.373687 0.509921 0.011443 0.022487
0 0.389091 0.481481 0.015844 0.023810
0 0.651840 0.226190 0.014964 0.021164
2 0.768925 0.411376 0.462150 0.470899
2 0.493398 0.355159 0.539582 0.493386
2 0.213045 0.269180 0.336248 0.257937
3 0.158470 0.387566 0.293997 0.351852
3 0.495599 0.359788 0.554545 0.521164
3 0.732395 0.424603 0.535209 0.507937