3 0.345373 0.545073 0.616071 0.909854
3 0.530438 0.097364 0.681006 0.194728
3 0.797484 0.610791 0.367695 0.778418
3 0.696834 0.732334 0.237825 0.535332
0 0.330357 0.415909 0.061688 0.120130
0 0.293831 0.574198 0.077922 0.103170
0 0.312906 0.710581 0.051136 0.050879
0 0.539773 0.869576 0.108766 0.187968
0 0.371347 0.771352 0.127435 0.138503
0 0.371347 0.628610 0.034903 0.076318
0 0.442776 0.591157 0.060877 0.114477
0 0.437094 0.374924 0.056006 0.179488
0 0.382305 0.403189 0.030844 0.125783
0 0.339286 0.302846 0.061688 0.069251
0 0.441153 0.225821 0.099838 0.138503
0 0.767857 0.579851 0.066558 0.100344
0 0.701705 0.575611 0.038149 0.063598
0 0.795455 0.564305 0.038961 0.108824
0 0.791802 0.697154 0.017045 0.077731
0 0.758117 0.694328 0.035714 0.074905
0 0.760552 0.851910 0.032468 0.132850
0 0.688312 0.744500 0.027597 0.067838
0 0.655844 0.765699 0.025974 0.056532
0 0.122971 0.479507 0.049513 0.114477
0 0.183442 0.468201 0.087662 0.108824
0 0.245536 0.401070 0.065747 0.067838
0 0.235390 0.790432 0.035714 0.063598
0 0.255276 0.881589 0.041396 0.056532
0 0.306006 0.875936 0.053571 0.084798
0 0.396916 0.898549 0.048701 0.053705
0 0.305601 0.504947 0.038149 0.043812
0 0.510146 0.505653 0.028409 0.115890
0 0.519481 0.655462 0.073052 0.203514
0 0.477273 0.676662 0.037338 0.076318
0 0.392045 0.508480 0.034091 0.050879
0 0.285308 0.339591 0.051136 0.057945
0 0.187500 0.761459 0.038961 0.076318
0 0.450487 0.938827 0.066558 0.074905
0 0.615666 0.933174 0.046266 0.086211
0 0.451705 0.821524 0.064123 0.072078