3 0.497268 0.496032 0.868798 0.899471
2 0.412574 0.203042 0.316920 0.289683
2 0.479054 0.641534 0.522736 0.502646
2 0.261399 0.362434 0.131139 0.206349
2 0.133903 0.421958 0.127497 0.293651
2 0.227704 0.118386 0.118390 0.070106
2 0.648442 0.110450 0.224030 0.080688
2 0.633871 0.216931 0.162103 0.158730
2 0.663924 0.363757 0.069212 0.047619
2 0.739511 0.360450 0.052820 0.064815
2 0.169420 0.199735 0.030963 0.026455
2 0.218597 0.244709 0.034606 0.029101
2 0.133903 0.173942 0.032785 0.019841
2 0.339719 0.415344 0.050999 0.026455
2 0.438984 0.681217 0.049177 0.044974