3 0.203362 0.614418 0.359134 0.588624
3 0.396573 0.620370 0.340649 0.544974
3 0.687504 0.453042 0.624992 0.694444
0 0.720498 0.564815 0.073059 0.105820
0 0.631595 0.582672 0.030808 0.059524
0 0.616631 0.503968 0.030808 0.037037
0 0.640397 0.456349 0.030808 0.050265
0 0.610029 0.465608 0.017605 0.026455
0 0.611789 0.429894 0.026407 0.034392
0 0.587143 0.446429 0.019365 0.033069
0 0.593304 0.516534 0.021126 0.038360
0 0.591984 0.573413 0.018485 0.033069
0 0.506602 0.518519 0.053694 0.068783
0 0.528608 0.458333 0.046652 0.046296
0 0.453788 0.462302 0.044892 0.048942
0 0.417258 0.485450 0.044012 0.074074
0 0.710815 0.719577 0.037850 0.047619
0 0.752626 0.708333 0.031688 0.054233
0 0.574820 0.646164 0.061616 0.072751
0 0.787835 0.611111 0.028167 0.060847
0 0.794437 0.692460 0.022006 0.048942
0 0.779033 0.765873 0.024646 0.026455
0 0.479315 0.363757 0.014964 0.031746
0 0.445426 0.388889 0.022886 0.037037
0 0.533009 0.386905 0.027287 0.041005
0 0.488117 0.441799 0.029048 0.079365
0 0.560736 0.539021 0.021126 0.030423
0 0.566017 0.580688 0.028167 0.029101
0 0.568658 0.507937 0.017605 0.018519
0 0.664163 0.523148 0.022006 0.041005
0 0.665924 0.486772 0.022006 0.031746
0 0.642597 0.646164 0.022886 0.062169
0 0.271580 0.587963 0.027287 0.046296
0 0.133384 0.511905 0.039610 0.047619
0 0.080130 0.532407 0.033449 0.048942
0 0.085411 0.480159 0.024646 0.034392
0 0.145707 0.394841 0.062496 0.056878
0 0.205123 0.502646 0.019365 0.052910
0 0.098615 0.613095 0.029928 0.048942
0 0.130743 0.752646 0.046652 0.044974
0 0.295786 0.670635 0.022886 0.042328
0 0.307229 0.712963 0.036970 0.031746
0 0.287424 0.795635 0.122352 0.083333
0 0.240772 0.861111 0.095945 0.042328
0 0.353882 0.784392 0.033449 0.068783
0 0.481075 0.837963 0.095945 0.041005
0 0.442345 0.797619 0.071299 0.039683
0 0.444105 0.748016 0.030808 0.027778
0 0.491638 0.755291 0.036089 0.023810
0 0.436623 0.685185 0.028167 0.037037
0 0.387771 0.699735 0.034329 0.039683
0 0.382929 0.599868 0.024646 0.046296
0 0.331436 0.514550 0.055455 0.105820
0 0.266299 0.421958 0.023766 0.039683
0 0.176955 0.695106 0.024646 0.030423
0 0.149668 0.677249 0.021126 0.029101
0 0.206883 0.684524 0.017605 0.033069
0 0.139545 0.608466 0.025527 0.100529
0 0.174315 0.531746 0.019365 0.031746
0 0.176075 0.500661 0.017605 0.022487
0 0.211284 0.615079 0.022886 0.044974
0 0.187078 0.760582 0.020245 0.039683
0 0.650519 0.705688 0.026407 0.027778
0 0.481955 0.573413 0.088903 0.115079
0 0.399214 0.425265 0.043131 0.088624