2 0.204242 0.341270 0.130274 0.121693
2 0.308990 0.414683 0.204214 0.244709
2 0.263658 0.531746 0.171645 0.195767
2 0.191039 0.624339 0.174286 0.214286
2 0.375887 0.642196 0.100346 0.125661
2 0.331876 0.787037 0.223579 0.161376
2 0.463911 0.513889 0.149639 0.273810
2 0.533449 0.646825 0.047532 0.087302
2 0.589784 0.671958 0.049293 0.076720
2 0.671645 0.628307 0.080981 0.166667
2 0.458629 0.283069 0.068658 0.055556
2 0.414177 0.233466 0.106508 0.062169
2 0.551053 0.243386 0.072179 0.044974
2 0.638636 0.230159 0.250866 0.119048
2 0.637316 0.328704 0.264069 0.146825
2 0.471833 0.363095 0.063377 0.035714
2 0.820404 0.585979 0.072179 0.082011
2 0.686169 0.519180 0.286075 0.332011
2 0.818203 0.345238 0.067778 0.113757
3 0.473593 0.499339 0.778124 0.667989