3 0.274471 0.335317 0.543651 0.670634
3 0.701058 0.518519 0.597884 0.539683
3 0.522487 0.667989 0.949735 0.436508
0 0.232143 0.271825 0.048942 0.041005
0 0.181217 0.368386 0.074074 0.043651
0 0.126984 0.406746 0.042328 0.054233
0 0.341270 0.371032 0.039683 0.064815
0 0.285053 0.370370 0.046296 0.052910
0 0.421296 0.324735 0.091270 0.067460
0 0.458333 0.236111 0.091270 0.088624
0 0.355159 0.201720 0.075397 0.062169
0 0.308201 0.503968 0.089947 0.068783
0 0.250000 0.530423 0.066138 0.060847
0 0.191138 0.557540 0.067460 0.056878
0 0.192460 0.610450 0.088624 0.062169
0 0.046296 0.592593 0.052910 0.084656
0 0.687831 0.312831 0.042328 0.048942
0 0.637566 0.304894 0.068783 0.067460
0 0.589947 0.300926 0.052910 0.054233
0 0.539683 0.359788 0.055556 0.042328
0 0.768519 0.308862 0.058201 0.064815
0 0.832011 0.357143 0.076720 0.063492
0 0.585979 0.421958 0.108466 0.047619
0 0.460979 0.456349 0.083333 0.052910
0 0.532407 0.493386 0.088624 0.042328
0 0.554894 0.548280 0.099206 0.046296
0 0.600529 0.605159 0.068783 0.043651
0 0.771164 0.519180 0.076720 0.062169
0 0.914021 0.501323 0.052910 0.068783
0 0.947090 0.468915 0.037037 0.059524
0 0.869709 0.448413 0.041005 0.039683
0 0.840608 0.464286 0.038360 0.037037
0 0.913360 0.575397 0.027778 0.039683
0 0.839286 0.553571 0.038360 0.030423
0 0.790344 0.741402 0.043651 0.041005
0 0.828704 0.707011 0.035714 0.038360
0 0.875000 0.717593 0.035714 0.035714
0 0.711640 0.701720 0.087302 0.059524
0 0.441138 0.724206 0.056878 0.056878
0 0.369709 0.744048 0.067460 0.035714
0 0.328704 0.747354 0.054233 0.044974
0 0.258598 0.745370 0.062169 0.043651
0 0.476190 0.579365 0.052910 0.031746
0 0.417328 0.597222 0.041005 0.038360
0 0.472222 0.610450 0.026455 0.030423
0 0.473545 0.667989 0.058201 0.058201
0 0.298280 0.603836 0.067460 0.046296
0 0.300265 0.546296 0.037037 0.029101
0 0.263228 0.436508 0.058201 0.023810
0 0.648148 0.559524 0.031746 0.037037
0 0.697090 0.459656 0.044974 0.054233
0 0.569444 0.634921 0.041005 0.042328