3 0.736356 0.408730 0.527287 0.529101
3 0.514524 0.350529 0.578312 0.547619
3 0.201602 0.345238 0.357374 0.417989
2 0.158911 0.318122 0.187489 0.157407
2 0.496479 0.345899 0.535180 0.511905
2 0.816898 0.351852 0.366204 0.391534
2 0.631595 0.585317 0.226219 0.152116
0 0.577460 0.266534 0.028167 0.054233
0 0.571299 0.402116 0.135556 0.124339
0 0.462150 0.311508 0.047532 0.056878
0 0.330115 0.253968 0.021126 0.044974
0 0.617511 0.147487 0.022006 0.030423
0 0.514524 0.526455 0.043131 0.121693
0 0.421219 0.507937 0.066017 0.063492
0 0.142626 0.341270 0.049293 0.050265
0 0.076609 0.356481 0.051053 0.041005