3 0.517451 0.431933 0.932630 0.848004
2 0.898539 0.580830 0.155844 0.476471
2 0.706981 0.373083 0.131494 0.460872
2 0.814529 0.409953 0.158279 0.409821
2 0.606331 0.297925 0.066558 0.273687
2 0.647321 0.263892 0.043019 0.123372
2 0.555601 0.363866 0.072240 0.195693
2 0.498377 0.302889 0.043831 0.155987
2 0.446834 0.292253 0.067370 0.191439
2 0.400162 0.338340 0.086039 0.207038
2 0.309659 0.278072 0.062500 0.182931
2 0.473620 0.637553 0.148539 0.232563
2 0.532062 0.127757 0.056006 0.154569
2 0.725244 0.648188 0.026786 0.038288
2 0.801542 0.706329 0.044643 0.069485
2 0.765016 0.782904 0.043019 0.089338
2 0.559253 0.662369 0.060065 0.063813