3 0.496693 0.484788 0.858466 0.750000
2 0.139550 0.796958 0.038360 0.051587
2 0.130291 0.689815 0.051587 0.123016
2 0.207672 0.642857 0.039683 0.068783
2 0.273810 0.560847 0.145503 0.166667
2 0.402778 0.275794 0.093915 0.125661
2 0.333995 0.341270 0.035714 0.047619
2 0.391534 0.380952 0.047619 0.060847
2 0.244048 0.359788 0.107143 0.084656
2 0.307540 0.264550 0.093915 0.097884
2 0.361111 0.186508 0.047619 0.063492
2 0.124339 0.319444 0.068783 0.088624
2 0.173942 0.208995 0.149471 0.129630
2 0.455026 0.185847 0.145503 0.123016
2 0.624339 0.246032 0.161376 0.119048
2 0.750661 0.294312 0.072751 0.178571
2 0.811508 0.255291 0.101852 0.179894
2 0.868386 0.516534 0.107143 0.644180
2 0.742725 0.808862 0.287037 0.078042
2 0.634259 0.677910 0.125661 0.125661
2 0.472222 0.648148 0.224868 0.193122
2 0.405423 0.761905 0.130952 0.079365
2 0.361111 0.657407 0.047619 0.044974
2 0.247354 0.765873 0.153439 0.079365
2 0.488095 0.462963 0.227513 0.343915
2 0.680556 0.506614 0.302910 0.232804
2 0.753307 0.628307 0.067460 0.087302