3 0.587256 0.539135 0.750812 0.495710
3 0.250812 0.800760 0.319805 0.360911
3 0.387581 0.650742 0.327110 0.252203
0 0.215503 0.694950 0.068994 0.071023
0 0.208198 0.755102 0.124188 0.060877
0 0.199269 0.842793 0.086851 0.085517
0 0.274756 0.855838 0.059253 0.085517
0 0.316964 0.819602 0.049513 0.065225
0 0.296266 0.663062 0.099026 0.088416
0 0.322240 0.731186 0.050325 0.047832
0 0.358766 0.723214 0.014610 0.017393
0 0.412744 0.670310 0.025162 0.042034
0 0.354708 0.601461 0.038961 0.040584
0 0.304383 0.559427 0.027597 0.026090
0 0.367289 0.557978 0.026786 0.031888
0 0.393263 0.542759 0.034903 0.030438
0 0.456575 0.694950 0.023539 0.036236
0 0.429789 0.720315 0.013799 0.026090