3 0.752186 0.535714 0.479726 0.812169
3 0.536970 0.389550 0.323925 0.612434
3 0.492518 0.332011 0.324805 0.521164
3 0.404055 0.228836 0.249986 0.431217
0 0.566457 0.460979 0.039610 0.059524
0 0.452468 0.520503 0.015844 0.030423
0 0.475354 0.515212 0.014084 0.033069
0 0.445426 0.574735 0.015844 0.019841
0 0.427381 0.547619 0.027287 0.042328
0 0.503961 0.529762 0.013203 0.022487
0 0.503961 0.448413 0.013203 0.034392
0 0.551053 0.329365 0.015844 0.037037
0 0.621912 0.320767 0.020245 0.030423
0 0.653600 0.251323 0.020245 0.037037
0 0.618391 0.282407 0.020245 0.027778
0 0.327475 0.357143 0.049293 0.076720
0 0.360043 0.225529 0.024646 0.035714
0 0.363124 0.177910 0.011443 0.017196
0 0.399654 0.176587 0.017605 0.027778
0 0.589784 0.188492 0.040491 0.038360
0 0.457749 0.373677 0.026407 0.035714
0 0.437944 0.418651 0.016724 0.017196
0 0.503961 0.285714 0.025527 0.050265
0 0.524206 0.207672 0.039610 0.058201
0 0.426501 0.105820 0.027287 0.023810