2 0.242092 0.500661 0.213016 0.607143
2 0.525527 0.250000 0.524618 0.320106
2 0.741183 0.525794 0.059856 0.104497
0 0.700253 0.681217 0.110029 0.129630
0 0.669444 0.496032 0.117071 0.261905
0 0.786955 0.663360 0.065137 0.160053
0 0.512323 0.667989 0.073939 0.087302
0 0.359163 0.628307 0.093304 0.097884
0 0.266739 0.601852 0.089784 0.121693
0 0.302388 0.718254 0.060736 0.052910
0 0.358283 0.534392 0.058095 0.068783
0 0.304589 0.455688 0.040491 0.062169
0 0.401854 0.308862 0.039610 0.025132
0 0.598146 0.649471 0.023766 0.031746
3 0.473593 0.470899 0.776364 0.796296