2 0.333829 0.494048 0.286706 0.345238
2 0.615575 0.469577 0.366071 0.431217
3 0.500000 0.478836 0.809524 0.608466
0 0.158234 0.646164 0.026786 0.041005
0 0.246032 0.306878 0.031746 0.034392
0 0.445437 0.218915 0.033730 0.030423
0 0.799107 0.412037 0.030754 0.033069
0 0.834325 0.656746 0.037698 0.128307
0 0.841270 0.560847 0.029762 0.042328
0 0.844742 0.456349 0.032738 0.084656
0 0.633433 0.266534 0.050595 0.025132
0 0.327877 0.292989 0.032738 0.038360
0 0.146825 0.496032 0.055556 0.095238
0 0.147817 0.410053 0.033730 0.047619
0 0.869048 0.595238 0.011905 0.034392
0 0.799603 0.572751 0.027778 0.034392
0 0.787698 0.322090 0.037698 0.043651