3 0.393739 0.495370 0.694004 0.636243
3 0.567901 0.392857 0.548501 0.542328
3 0.707672 0.321429 0.307760 0.373016
2 0.790123 0.365741 0.139330 0.242063
2 0.696208 0.438492 0.159612 0.332011
2 0.310847 0.546296 0.279541 0.291005
2 0.572751 0.665344 0.263668 0.248677
2 0.508377 0.483466 0.043210 0.056878
2 0.573633 0.522487 0.041446 0.066138
2 0.574515 0.419312 0.050265 0.058201
2 0.537478 0.373677 0.059083 0.070106
2 0.455908 0.454365 0.056437 0.043651
2 0.444885 0.347884 0.097884 0.116402
2 0.435626 0.245370 0.047619 0.072751
2 0.388007 0.291667 0.097002 0.107143
2 0.320988 0.324735 0.107584 0.120370
2 0.251323 0.336640 0.061728 0.054233
2 0.160494 0.449074 0.081129 0.144180
2 0.462522 0.154101 0.022046 0.033069
2 0.268078 0.224868 0.051146 0.039683
0 0.564374 0.681878 0.061728 0.048942
0 0.471781 0.572090 0.086420 0.083333
0 0.618166 0.627646 0.045855 0.048942
0 0.692240 0.560185 0.049383 0.059524
0 0.302028 0.433862 0.032628 0.042328
0 0.287919 0.335979 0.044974 0.029101
0 0.283510 0.273810 0.053792 0.029101
0 0.508818 0.311508 0.029982 0.017196
0 0.521164 0.261243 0.042328 0.033069