0 0.629252 0.136905 0.043231 0.051587
0 0.466033 0.408730 0.043231 0.079365
0 0.400745 0.132275 0.057347 0.055556
0 0.462063 0.064153 0.035291 0.041005
0 0.660131 0.083995 0.041466 0.043651
0 0.718361 0.259921 0.099696 0.154762
2 0.672042 0.176587 0.067052 0.070106
2 0.877609 0.218915 0.102343 0.141534
2 0.743946 0.453042 0.046760 0.104497
2 0.444417 0.636905 0.179982 0.154762
2 0.871433 0.021825 0.044113 0.043650
2 0.983800 0.197090 0.032400 0.079365
2 0.971448 0.103836 0.057103 0.083333
3 0.708092 0.363757 0.583815 0.727513
3 0.353985 0.423280 0.595529 0.846560