3 0.612324 0.420635 0.737374 0.841270
3 0.423355 0.642857 0.842210 0.714286
1 0.586335 0.176587 0.396438 0.353174
1 0.213440 0.777778 0.426879 0.444444
0 0.203993 0.537037 0.089859 0.100529
0 0.096955 0.488757 0.041406 0.059524
0 0.053347 0.371693 0.040525 0.050265
0 0.431284 0.850529 0.052858 0.063492
0 0.474892 0.880291 0.057263 0.051587
0 0.575764 0.904101 0.075764 0.051587
0 0.778387 0.583333 0.068716 0.103175
0 0.660778 0.602513 0.080169 0.104497
0 0.610122 0.521164 0.079288 0.095238
0 0.769137 0.492725 0.053739 0.067460
0 0.728172 0.429233 0.052858 0.085979
0 0.692933 0.405423 0.042287 0.064815
0 0.676195 0.342593 0.070478 0.084656
0 0.651087 0.269841 0.074883 0.095238
0 0.933879 0.566799 0.064311 0.072751
0 0.826401 0.557540 0.036120 0.085979
0 0.818472 0.725529 0.073121 0.130952
0 0.766935 0.747354 0.031715 0.052910
0 0.334377 0.787698 0.024667 0.046296
0 0.368295 0.663360 0.022024 0.038360
0 0.314996 0.730159 0.033477 0.034392
0 0.422034 0.630952 0.041406 0.060847
0 0.303983 0.325397 0.036120 0.047619
0 0.457273 0.414021 0.041406 0.055556
0 0.547573 0.353836 0.035239 0.062169
0 0.555942 0.271825 0.044930 0.062169
0 0.539203 0.207672 0.057263 0.084656
0 0.535679 0.148810 0.030834 0.059524
0 0.516298 0.165344 0.034358 0.039683
0 0.465202 0.076058 0.053739 0.051587
0 0.462118 0.247354 0.031715 0.079365
0 0.480178 0.240741 0.023786 0.068783
0 0.512334 0.281085 0.022905 0.059524
0 0.428201 0.258598 0.020262 0.093915
0 0.398688 0.208995 0.040525 0.052910
0 0.343187 0.241402 0.035239 0.033069
0 0.427320 0.346561 0.025548 0.050265
0 0.395164 0.333333 0.045811 0.126984
0 0.493393 0.444444 0.108360 0.156085
0 0.545811 0.478175 0.045811 0.064815
0 0.584573 0.383598 0.059906 0.079365
0 0.725529 0.573413 0.031715 0.054233
0 0.799971 0.433201 0.029072 0.043651
0 0.755923 0.424603 0.020262 0.031746
0 0.359044 0.023148 0.051096 0.046296
0 0.331294 0.170635 0.030834 0.068783
0 0.348473 0.132937 0.066954 0.149471
0 0.410141 0.109127 0.029953 0.027778
0 0.605717 0.301587 0.028191 0.055556
0 0.588538 0.266534 0.027310 0.080688
0 0.579288 0.208995 0.042287 0.034392
0 0.619812 0.462302 0.024667 0.022487
0 0.570478 0.508598 0.022905 0.048942