3 0.264550 0.536376 0.492063 0.570106
3 0.728836 0.601852 0.522928 0.394180
2 0.732804 0.709656 0.433862 0.136243
2 0.628748 0.533730 0.111111 0.107143
2 0.806878 0.558201 0.144621 0.203704
2 0.703704 0.529101 0.033510 0.082011
2 0.951058 0.585317 0.027337 0.046296
2 0.263228 0.496032 0.447090 0.489418
2 0.032628 0.429894 0.014109 0.055556
2 0.050265 0.512566 0.058201 0.062169
2 0.093474 0.452381 0.052910 0.055556
2 0.125661 0.566138 0.036155 0.074074
2 0.074956 0.569444 0.040564 0.064815
2 0.178571 0.669312 0.043210 0.055556
2 0.219577 0.640212 0.037037 0.050265
2 0.218695 0.729497 0.031746 0.033069
2 0.314374 0.709656 0.073192 0.064815
2 0.308201 0.772487 0.025573 0.029101
2 0.362434 0.764550 0.056437 0.095238
0 0.082011 0.627646 0.029982 0.043651
0 0.358466 0.780423 0.099647 0.047619
0 0.575397 0.616402 0.046737 0.044974
0 0.574515 0.484788 0.037919 0.033069