2 0.307630 0.365667 0.043831 0.053174
2 0.217127 0.518191 0.070617 0.142729
2 0.336039 0.693804 0.050325 0.074163
2 0.424919 0.509095 0.294643 0.401601
2 0.636364 0.583259 0.163961 0.242080
2 0.599432 0.360070 0.103084 0.209896
2 0.703734 0.442628 0.066558 0.190305
3 0.489448 0.488806 0.806818 0.682861
0 0.185471 0.624538 0.073864 0.204299
0 0.339692 0.411844 0.077110 0.114743
0 0.302760 0.509095 0.068182 0.177712
0 0.494724 0.302698 0.051136 0.061569
0 0.538961 0.396451 0.069805 0.078361
0 0.392045 0.265616 0.084416 0.048976
0 0.814529 0.648326 0.083604 0.179111
0 0.749188 0.732285 0.038961 0.097951