3 0.408730 0.500000 0.681658 0.632275
3 0.578483 0.395503 0.474427 0.552910
3 0.724868 0.319444 0.268078 0.379630
2 0.350529 0.550265 0.496473 0.388889
2 0.456349 0.392196 0.027337 0.043651
2 0.421958 0.351190 0.037919 0.048942
2 0.441358 0.310185 0.039683 0.043651
2 0.438272 0.250661 0.038801 0.059524
2 0.361111 0.296958 0.050265 0.064815
2 0.302469 0.363095 0.054674 0.085979
2 0.335538 0.355820 0.034392 0.039683
2 0.240300 0.352513 0.030864 0.033069
2 0.261023 0.233466 0.031746 0.025132
2 0.472663 0.161376 0.040564 0.037037
2 0.513668 0.493386 0.037919 0.058201
2 0.454586 0.451720 0.050265 0.051587
2 0.565256 0.519841 0.037037 0.055556
2 0.574515 0.421958 0.036155 0.055556
2 0.832892 0.433201 0.057319 0.117725
2 0.747354 0.577381 0.066138 0.112434
2 0.755291 0.223545 0.027337 0.044974
2 0.520723 0.615741 0.027337 0.043651
2 0.462963 0.568783 0.028219 0.044974
2 0.347002 0.444444 0.034392 0.044974