2 0.337302 0.549603 0.459436 0.361111
2 0.418871 0.353836 0.045855 0.070106
2 0.440917 0.313492 0.029982 0.047619
2 0.433422 0.257275 0.034392 0.062169
2 0.382275 0.267857 0.034392 0.056878
2 0.354497 0.290344 0.028219 0.051587
2 0.373457 0.325397 0.023810 0.044974
2 0.329365 0.344577 0.036155 0.035714
2 0.305115 0.363095 0.038801 0.059524
2 0.251764 0.345238 0.053792 0.055556
2 0.313933 0.298280 0.037037 0.038360
2 0.514109 0.484788 0.029982 0.048942
2 0.457672 0.455026 0.040564 0.055556
2 0.457231 0.381614 0.034392 0.048942
2 0.528660 0.366402 0.029101 0.044974
2 0.570106 0.421958 0.029101 0.058201
2 0.564374 0.511905 0.042328 0.068783
2 0.456349 0.568122 0.029101 0.041005
2 0.517196 0.638889 0.027337 0.058201
2 0.766755 0.603836 0.057319 0.093915
2 0.823633 0.421296 0.056437 0.112434
2 0.815697 0.319444 0.029982 0.035714
2 0.704586 0.385582 0.010582 0.022487
2 0.473104 0.154101 0.025573 0.030423
3 0.712522 0.334656 0.305115 0.373016
3 0.586420 0.387566 0.455026 0.507937
3 0.430776 0.498016 0.598765 0.617725