1 0.243827 0.200397 0.284832 0.400794
1 0.636243 0.320106 0.313051 0.640212
2 0.474868 0.199074 0.080247 0.117725
2 0.268078 0.325397 0.035273 0.071429
2 0.306878 0.262566 0.135802 0.186508
2 0.412257 0.328042 0.076720 0.071429
2 0.397266 0.225529 0.073192 0.088624
2 0.419312 0.448413 0.074956 0.119048
2 0.326720 0.524471 0.103175 0.123016
2 0.415785 0.603175 0.039683 0.055556
2 0.552028 0.534392 0.146384 0.100529
2 0.491182 0.373016 0.051146 0.084656
2 0.562610 0.242725 0.045855 0.136243
2 0.630511 0.460317 0.065256 0.145503
3 0.441358 0.469577 0.507055 0.841270