3 0.503699 0.479497 0.816987 0.792328
2 0.359960 0.545635 0.087723 0.109788
2 0.227847 0.590608 0.149023 0.202381
2 0.211465 0.742063 0.082439 0.150794
2 0.308700 0.810185 0.141625 0.101852
2 0.514268 0.753968 0.070813 0.071429
2 0.324025 0.237434 0.072926 0.075397
2 0.157563 0.212963 0.139511 0.068783
2 0.455082 0.199074 0.072926 0.054233
2 0.592479 0.170635 0.102520 0.052910
2 0.720893 0.217593 0.035935 0.062169
2 0.670690 0.304233 0.039105 0.066138
2 0.653780 0.426587 0.051788 0.141534
2 0.630528 0.556217 0.075040 0.123016
2 0.595650 0.664683 0.117316 0.247354
2 0.739917 0.666667 0.145853 0.182540
2 0.735690 0.501323 0.048618 0.103175
2 0.811258 0.462963 0.146910 0.185185
2 0.813372 0.289683 0.043333 0.079365