3 0.495244 0.480820 0.791621 0.810847
2 0.445569 0.189815 0.062357 0.056878
2 0.590894 0.171958 0.063414 0.058201
2 0.719836 0.232143 0.052845 0.067460
2 0.661178 0.300926 0.047561 0.059524
2 0.662235 0.383598 0.032764 0.050265
2 0.652194 0.449735 0.035935 0.047619
2 0.644796 0.532407 0.057073 0.070106
2 0.625243 0.581349 0.036992 0.054233
2 0.579268 0.597884 0.067642 0.063492
2 0.575569 0.648810 0.083495 0.078042
2 0.605690 0.720899 0.067642 0.076720
2 0.505813 0.761905 0.064471 0.068783
2 0.573455 0.769180 0.034878 0.033069
2 0.360489 0.539683 0.078211 0.074074
2 0.251099 0.525794 0.062357 0.064815
2 0.234189 0.563492 0.053902 0.071429
2 0.266953 0.632275 0.077154 0.066138
2 0.189799 0.609788 0.043333 0.063492
2 0.209351 0.708995 0.065528 0.063492
2 0.203538 0.782407 0.068699 0.088624
2 0.289148 0.830688 0.068699 0.058201
2 0.326139 0.237434 0.077154 0.070106
2 0.181343 0.207011 0.043333 0.054233
2 0.126384 0.224206 0.047561 0.070106
2 0.811258 0.285714 0.047561 0.082011
2 0.823941 0.414021 0.083495 0.092593
2 0.772153 0.402116 0.041219 0.044974
2 0.737275 0.514550 0.058130 0.095238
2 0.800689 0.511243 0.062357 0.083333
2 0.851949 0.497354 0.040162 0.055556
2 0.758942 0.661376 0.071869 0.068783
2 0.780080 0.605820 0.090894 0.082011
2 0.707153 0.668651 0.076097 0.083333
2 0.715080 0.732804 0.075040 0.068783
0 0.489431 0.270503 0.044390 0.035714
0 0.770567 0.203704 0.061300 0.092593
0 0.794876 0.347222 0.044390 0.062169
0 0.544390 0.363095 0.052845 0.054233
0 0.268010 0.250000 0.045447 0.071429
0 0.231018 0.465608 0.045447 0.050265
0 0.191912 0.526455 0.032764 0.055556
0 0.279107 0.754630 0.090894 0.078042
0 0.225733 0.666005 0.058130 0.054233
0 0.376871 0.695106 0.064471 0.025132
0 0.533292 0.498677 0.060244 0.063492
0 0.452439 0.490741 0.059187 0.079365