2 0.314374 0.365741 0.067901 0.059524
2 0.354497 0.291667 0.111111 0.099206
2 0.452822 0.353836 0.090829 0.130952
2 0.426367 0.243386 0.048501 0.071429
2 0.471340 0.161376 0.037919 0.047619
2 0.522046 0.369048 0.024691 0.050265
2 0.573633 0.423280 0.048501 0.087302
2 0.534832 0.503307 0.099647 0.091270
2 0.458554 0.460979 0.052910 0.054233
2 0.448854 0.562831 0.044092 0.054233
2 0.520282 0.623677 0.040564 0.038360
2 0.419753 0.590608 0.481481 0.382275
2 0.251323 0.343915 0.049383 0.047619
2 0.148589 0.454365 0.080247 0.115079
2 0.767196 0.600529 0.024691 0.063492
2 0.827160 0.423280 0.052910 0.111111
2 0.817901 0.304894 0.057319 0.091270
2 0.657848 0.355159 0.097002 0.167989
2 0.757496 0.222884 0.059965 0.067460
0 0.570547 0.679233 0.065256 0.046296
0 0.478836 0.589947 0.040564 0.071429
0 0.696208 0.573413 0.023810 0.041005
0 0.613757 0.629630 0.040564 0.050265
0 0.289683 0.282407 0.037919 0.035714
0 0.305996 0.429233 0.022928 0.033069
0 0.283951 0.338624 0.026455 0.037037
0 0.354938 0.267196 0.029101 0.034392
0 0.486772 0.327381 0.028219 0.033069
0 0.525573 0.255291 0.040564 0.034392
0 0.713845 0.465608 0.048501 0.063492
0 0.603616 0.583333 0.027337 0.042328
0 0.637125 0.585317 0.014991 0.027778
0 0.641093 0.546296 0.026455 0.047619
3 0.420635 0.476852 0.650794 0.646825
2 0.707231 0.677910 0.049383 0.091270
3 0.586861 0.404101 0.461199 0.527778
3 0.731481 0.324735 0.290123 0.366402