3 0.152116 0.470899 0.074956 0.171958
3 0.383157 0.605159 0.445326 0.376984
3 0.527337 0.674603 0.049383 0.031746
3 0.356261 0.296296 0.026455 0.037037
3 0.473545 0.162037 0.037037 0.038360
3 0.558201 0.509921 0.042328 0.056878
3 0.567901 0.424603 0.051146 0.071429
3 0.518519 0.480820 0.038801 0.048942
3 0.453263 0.446429 0.029982 0.035714
3 0.427249 0.349868 0.030864 0.038360
3 0.441358 0.311508 0.027337 0.038360
3 0.431217 0.248016 0.026455 0.033069
3 0.381834 0.273810 0.042328 0.050265
3 0.381393 0.325397 0.036155 0.026455
3 0.303351 0.367063 0.035273 0.038360
3 0.234568 0.342593 0.021164 0.042328
3 0.309965 0.304233 0.022046 0.034392
3 0.335097 0.352513 0.028219 0.030423
3 0.454145 0.378307 0.028219 0.034392
3 0.517637 0.371693 0.029982 0.042328
3 0.456790 0.559524 0.029982 0.037037
3 0.348325 0.444444 0.026455 0.052910
3 0.317019 0.453704 0.036155 0.029101
3 0.309965 0.501984 0.030864 0.033069
3 0.319224 0.550265 0.045855 0.074074
3 0.400794 0.599206 0.115520 0.150794
3 0.242945 0.471561 0.099647 0.123016
3 0.526014 0.630291 0.025573 0.027778
3 0.460317 0.658069 0.037037 0.041005
3 0.757496 0.599868 0.068783 0.138889
3 0.827160 0.444444 0.065256 0.119048
3 0.811287 0.308201 0.029982 0.055556
3 0.667549 0.359788 0.093474 0.153439
1 0.689594 0.561508 0.029982 0.059524
1 0.617725 0.623016 0.027337 0.039683
1 0.565256 0.672619 0.044092 0.048942
1 0.478395 0.587302 0.048501 0.084656
1 0.284392 0.271825 0.020282 0.030423
1 0.285273 0.344577 0.023810 0.035714
1 0.485450 0.330688 0.027337 0.026455
1 0.709436 0.476852 0.037919 0.038360
1 0.693563 0.447090 0.018519 0.034392
1 0.334215 0.384921 0.015873 0.021164
1 0.303351 0.429894 0.021164 0.021164