2 0.130612 0.234127 0.043333 0.066138
2 0.182400 0.218915 0.039105 0.075397
2 0.348334 0.251323 0.096178 0.092593
2 0.148051 0.384259 0.023252 0.025132
2 0.228376 0.589286 0.158536 0.167989
2 0.372115 0.550265 0.071869 0.060847
2 0.205652 0.746032 0.075040 0.156085
2 0.292318 0.832011 0.089837 0.082011
2 0.489431 0.778439 0.088780 0.096561
2 0.594064 0.642857 0.107804 0.367725
2 0.664349 0.429894 0.053902 0.166667
2 0.665934 0.298942 0.025366 0.031746
2 0.719308 0.220238 0.043333 0.033069
2 0.581910 0.155423 0.072926 0.059524
2 0.463537 0.199074 0.068699 0.067460
2 0.820242 0.293651 0.080325 0.095238
2 0.829754 0.461640 0.143739 0.187831
2 0.739917 0.510582 0.076097 0.108466
2 0.740446 0.673280 0.155365 0.193122
3 0.483618 0.476852 0.831784 0.818783