2 0.588071 0.425265 0.365996 0.493386
2 0.530588 0.208995 0.099146 0.095238
2 0.383451 0.464947 0.051682 0.035714
2 0.241588 0.359127 0.021095 0.033069
2 0.200453 0.206349 0.031642 0.044974
2 0.237369 0.269841 0.031642 0.029101
2 0.253718 0.230159 0.026369 0.031746
2 0.808512 0.447090 0.032697 0.055556
2 0.585962 0.768519 0.249974 0.084656
3 0.523732 0.449074 0.676090 0.697090
0 0.802711 0.601190 0.035861 0.075397
0 0.643445 0.369048 0.040080 0.058201
0 0.415093 0.222884 0.068558 0.064815
0 0.303818 0.565476 0.048518 0.059524
0 0.267957 0.613095 0.048518 0.117725
0 0.234732 0.659392 0.034807 0.056878
0 0.461502 0.694444 0.049573 0.029101
0 0.202563 0.683201 0.025314 0.059524
0 0.810094 0.328704 0.023204 0.056878