3 0.204586 0.259259 0.407407 0.396825
3 0.447972 0.345238 0.523810 0.365079
3 0.466490 0.640873 0.578483 0.310847
3 0.852293 0.692460 0.295414 0.437831
0 0.492945 0.623016 0.239859 0.105820
0 0.455908 0.368386 0.176367 0.125661
0 0.114638 0.216931 0.156966 0.097884
0 0.213404 0.158730 0.079365 0.055556
0 0.265432 0.109788 0.063492 0.037037
0 0.653439 0.348545 0.056437 0.051587
0 0.610229 0.414021 0.061728 0.034392
0 0.896825 0.706349 0.134039 0.116402
0 0.857143 0.630952 0.044092 0.042328
0 0.860670 0.580688 0.044092 0.047619
0 0.933862 0.557540 0.052910 0.054233
0 0.968695 0.656085 0.062610 0.082011
0 0.303351 0.573413 0.100529 0.056878
0 0.291887 0.675265 0.056437 0.038360
0 0.299824 0.760582 0.104056 0.055556
0 0.544974 0.735450 0.047619 0.023810
0 0.606702 0.690476 0.047619 0.034392
0 0.615520 0.557540 0.047619 0.030423
0 0.889771 0.845238 0.063492 0.031746
0 0.893298 0.795635 0.052910 0.043651