3 0.628680 0.281746 0.604938 0.232804
3 0.481481 0.720238 0.739791 0.339947
1 0.659069 0.488095 0.276353 0.259259
2 0.542260 0.728836 0.147198 0.142857
2 0.648623 0.703042 0.126306 0.207672
2 0.451092 0.636243 0.217474 0.148148
2 0.349953 0.769180 0.117759 0.107143
2 0.454891 0.743386 0.069326 0.066138
2 0.238367 0.781746 0.105413 0.092593
2 0.227445 0.712963 0.032289 0.037037
2 0.247388 0.654762 0.049383 0.055556
2 0.312915 0.636243 0.034188 0.047619
2 0.618234 0.215608 0.249763 0.124339
2 0.633903 0.330026 0.146249 0.138889
2 0.522792 0.322751 0.108262 0.129630
2 0.757835 0.368386 0.069326 0.072751
2 0.816239 0.230159 0.022792 0.039683
2 0.790598 0.214286 0.150047 0.132275
2 0.853276 0.316138 0.087369 0.092593
2 0.161443 0.790344 0.018044 0.041005
2 0.188509 0.656085 0.011396 0.018519
2 0.744065 0.734788 0.015195 0.038360