0 0.671672 0.537518 0.068994 0.103896
0 0.327516 0.492063 0.075487 0.064935
0 0.429789 0.394661 0.021916 0.060606
0 0.219968 0.448773 0.064935 0.056277
0 0.153003 0.502886 0.044643 0.080808
0 0.463068 0.642136 0.046266 0.050505
0 0.584821 0.726551 0.021916 0.054834
0 0.570211 0.559163 0.049513 0.141414
0 0.747565 0.833333 0.047078 0.069264
0 0.655032 0.680375 0.034091 0.046176
0 0.814123 0.636364 0.040584 0.088023
3 0.352679 0.682540 0.544643 0.339105
3 0.765422 0.637085 0.469156 0.663781
3 0.554383 0.193723 0.438312 0.387446
3 0.280032 0.384560 0.530844 0.430014
3 0.875000 0.204545 0.250000 0.409090
3 0.976461 0.412698 0.047078 0.174603