3 0.312243 0.182540 0.329677 0.243386
4 0.253183 0.231481 0.119883 0.119048
4 0.379236 0.139550 0.107542 0.157407
4 0.617238 0.193122 0.089912 0.132275
4 0.672772 0.078042 0.081097 0.055556
4 0.790892 0.180556 0.165720 0.231481
4 0.551126 0.419312 0.148090 0.208995
4 0.768854 0.427249 0.118120 0.187831
4 0.343976 0.424603 0.132223 0.198413
4 0.170323 0.430556 0.088149 0.165344
4 0.688639 0.710317 0.387855 0.275132
4 0.425073 0.853175 0.319099 0.169312
4 0.192360 0.691799 0.329677 0.277778
3 0.707150 0.174603 0.297944 0.264550
3 0.661313 0.435185 0.354359 0.222222
3 0.280509 0.443783 0.294418 0.218254
3 0.203819 0.680556 0.334966 0.242063
3 0.689520 0.707011 0.386093 0.260582
3 0.419784 0.849868 0.304995 0.167989