0 0.257937 0.475529 0.180556 0.318783
0 0.456845 0.472884 0.114087 0.141534
0 0.558532 0.353175 0.152778 0.177249
0 0.710317 0.416005 0.176587 0.112434
0 0.833333 0.138889 0.162698 0.132275
0 0.970734 0.245370 0.058532 0.154762
0 0.951389 0.590608 0.097222 0.181217
0 0.885417 0.691799 0.114087 0.140212
0 0.717758 0.613095 0.108135 0.133598
0 0.624008 0.574735 0.136905 0.144180
0 0.548115 0.681878 0.177579 0.157407
0 0.440476 0.361111 0.061508 0.071429
0 0.212302 0.674603 0.093254 0.161376
0 0.097222 0.535053 0.073413 0.093915
0 0.095734 0.654762 0.147817 0.195767
0 0.773313 0.277778 0.092262 0.116402
0 0.705357 0.328704 0.071429 0.085979
0 0.875000 0.446429 0.041667 0.048942
0 0.899306 0.291667 0.030754 0.051587
0 0.516865 0.547619 0.061508 0.095238
0 0.415179 0.585317 0.064484 0.072751
0 0.424603 0.673280 0.073413 0.076720
0 0.391369 0.699074 0.062500 0.064815
0 0.371528 0.724206 0.046627 0.051587
0 0.309524 0.670635 0.051587 0.079365
0 0.303571 0.743386 0.069444 0.060847
0 0.665675 0.724206 0.037698 0.041005
0 0.709325 0.726190 0.033730 0.052910
0 0.781746 0.729497 0.130952 0.088624
0 0.978175 0.760582 0.029762 0.050265
0 0.983135 0.710317 0.033730 0.055556
0 0.920139 0.435185 0.040675 0.052910
0 0.980159 0.414683 0.039682 0.115079
0 0.957341 0.425926 0.027778 0.060847
0 0.978671 0.465608 0.026786 0.044974
0 0.875000 0.355820 0.029762 0.026455
0 0.877976 0.249339 0.049603 0.035714
0 0.709821 0.068783 0.054563 0.066138
0 0.721230 0.132937 0.039683 0.054233
0 0.506944 0.178571 0.353175 0.272487
0 0.287698 0.132275 0.075397 0.058201
0 0.286706 0.097884 0.041667 0.052910
0 0.216766 0.097222 0.072421 0.059524
0 0.169147 0.067460 0.124008 0.134920
0 0.074405 0.288360 0.071429 0.105820
0 0.189484 0.169974 0.039683 0.048942
0 0.335813 0.058862 0.046627 0.064815
0 0.302083 0.054233 0.042659 0.044974
0 0.415675 0.023810 0.049603 0.044974
0 0.388393 0.064153 0.076389 0.067460
0 0.458829 0.055556 0.052579 0.037037
0 0.229167 0.164683 0.049603 0.062169
0 0.268353 0.060847 0.042659 0.050265
0 0.176587 0.353175 0.327381 0.439153
3 0.509921 0.400132 0.980158 0.797619
0 0.921131 0.025132 0.040675 0.050264
0 0.981151 0.091270 0.037698 0.058201
0 0.862103 0.560847 0.029762 0.044974