1 0.854497 0.699074 0.134921 0.104497
1 0.082011 0.419312 0.055556 0.060847
1 0.287698 0.416667 0.075397 0.082011
1 0.448413 0.639550 0.071429 0.112434
3 0.291005 0.109788 0.539683 0.219576
3 0.575397 0.199074 0.441799 0.358466
3 0.784392 0.299603 0.396825 0.302910
3 0.869709 0.162037 0.260582 0.324074
3 0.813492 0.511243 0.373016 0.234127
3 0.868386 0.670635 0.263228 0.187831
3 0.716270 0.714286 0.144180 0.105820
3 0.503307 0.604497 0.466931 0.219577
3 0.159392 0.607143 0.316138 0.177249
3 0.189815 0.345899 0.379630 0.321429
3 0.405423 0.383598 0.250000 0.256614
3 0.474206 0.724206 0.257937 0.128307
3 0.025794 0.182540 0.051587 0.113757