3 0.321834 0.509586 0.629058 0.980828
3 0.576299 0.178108 0.224026 0.356215
3 0.846185 0.645640 0.307630 0.708720
3 0.718344 0.822665 0.180195 0.354669
3 0.696023 0.370130 0.176136 0.562771
3 0.776380 0.113946 0.210227 0.227891
3 0.919643 0.186611 0.160714 0.373222
3 0.945617 0.285096 0.108766 0.197897
2 0.217938 0.448670 0.216721 0.897340
2 0.062500 0.803030 0.115260 0.287570
2 0.385552 0.211657 0.115260 0.415894
2 0.384334 0.585807 0.257305 0.310761
2 0.476867 0.387910 0.085227 0.119048
2 0.416396 0.847403 0.152597 0.305194
2 0.282873 0.893012 0.155032 0.213976
2 0.518263 0.608225 0.067370 0.225727
2 0.594562 0.505411 0.038149 0.091218
2 0.549513 0.406463 0.061688 0.054113
2 0.576299 0.302876 0.035714 0.051020
2 0.608360 0.262678 0.070617 0.143785
2 0.684659 0.480674 0.104708 0.199443
2 0.085227 0.203927 0.042208 0.066481
2 0.741477 0.271181 0.101461 0.126778
0 0.818994 0.781385 0.060065 0.108225
0 0.855519 0.884972 0.024351 0.043290
0 0.844562 0.721088 0.034903 0.074212
0 0.773539 0.591218 0.022727 0.046382
0 0.750406 0.619821 0.020292 0.038652
0 0.769075 0.693259 0.021916 0.077304
0 0.801542 0.673160 0.030032 0.046382
0 0.826705 0.622140 0.046266 0.068027
0 0.838068 0.512369 0.021916 0.027829
0 0.943588 0.691713 0.021916 0.046382
0 0.985390 0.663884 0.027597 0.049474
0 0.974026 0.724954 0.016234 0.029375
0 0.937500 0.922851 0.019481 0.035560
0 0.892857 0.887291 0.027597 0.038652
0 0.943182 0.607452 0.035714 0.063389
0 0.952516 0.530921 0.020292 0.037106
0 0.942370 0.472171 0.027597 0.052566
0 0.911932 0.525510 0.034903 0.078850
0 0.929789 0.748145 0.031656 0.075758