2 0.257689 0.541005 0.236143 0.544974
2 0.519385 0.277778 0.632651 0.354497
2 0.725129 0.546296 0.088994 0.103175
0 0.676226 0.493386 0.155079 0.293651
0 0.698695 0.684524 0.071372 0.107143
0 0.781521 0.680556 0.043175 0.210317
0 0.507049 0.669312 0.105736 0.074074
0 0.381047 0.644180 0.056392 0.074074
0 0.291172 0.718254 0.086351 0.039683
0 0.186318 0.768519 0.056392 0.084656
0 0.242710 0.559524 0.026434 0.039683
0 0.259892 0.585317 0.023791 0.064815
0 0.282801 0.600529 0.032602 0.097884
0 0.331264 0.617063 0.025553 0.046296
0 0.537889 0.582672 0.037007 0.030423
0 0.487224 0.611772 0.078421 0.054233
0 0.537448 0.505291 0.055511 0.037037
0 0.599568 0.655423 0.049343 0.056878
0 0.403076 0.303571 0.045819 0.035714
0 0.381488 0.360450 0.032602 0.017196
0 0.332145 0.322751 0.025553 0.021164
0 0.291172 0.373016 0.035245 0.052910
3 0.463433 0.466931 0.748079 0.788360