2 0.496032 0.581349 0.855159 0.641534
2 0.899306 0.766534 0.104167 0.088624
3 0.531250 0.520503 0.818452 0.728836
0 0.595734 0.339286 0.137897 0.096561
0 0.514881 0.425265 0.164683 0.120370
0 0.517361 0.333333 0.060516 0.055556
0 0.465278 0.325397 0.029762 0.029101
0 0.574405 0.748016 0.111111 0.125661
0 0.529266 0.650132 0.028770 0.043651
0 0.570933 0.641534 0.018849 0.047619
0 0.414683 0.718254 0.041667 0.058201
0 0.451389 0.722884 0.023810 0.033069
0 0.406746 0.817460 0.039683 0.060847
0 0.340278 0.803571 0.047619 0.062169
0 0.353175 0.736772 0.085317 0.066138
0 0.286210 0.830688 0.028770 0.066138
0 0.509921 0.798280 0.077381 0.048942
0 0.698413 0.517857 0.045635 0.059524
0 0.717262 0.677249 0.059524 0.087302
0 0.761409 0.445767 0.032738 0.108466