0 0.441822 0.552249 0.084623 0.043651
0 0.370421 0.549603 0.079334 0.099206
0 0.354554 0.527116 0.033497 0.038360
0 0.324584 0.621032 0.047600 0.038360
0 0.367777 0.661376 0.070519 0.050265
0 0.356317 0.723545 0.040549 0.023810
0 0.361606 0.754630 0.033497 0.030423
0 0.417140 0.798280 0.045837 0.041005
0 0.437414 0.715608 0.026445 0.044974
0 0.468266 0.674603 0.042312 0.034392
0 0.443585 0.642857 0.035260 0.037037
0 0.410088 0.664021 0.049363 0.026455
0 0.602253 0.566138 0.059941 0.058201
0 0.531734 0.596561 0.031734 0.044974
0 0.507933 0.484788 0.068756 0.051587
0 0.663957 0.437831 0.148090 0.037037
0 0.616357 0.371032 0.070519 0.033069
0 0.571401 0.404101 0.054652 0.019841
0 0.657787 0.338624 0.037023 0.015873
0 0.774143 0.343915 0.107542 0.052910
0 0.676298 0.359788 0.038786 0.039683
0 0.729187 0.517196 0.028208 0.031746
0 0.514985 0.664683 0.037023 0.030423
0 0.508815 0.716931 0.059941 0.066138
0 0.499119 0.802249 0.044074 0.043651
0 0.447111 0.848545 0.074045 0.046296
0 0.678942 0.551587 0.051126 0.044974
0 0.564349 0.606481 0.040549 0.041005
0 0.497356 0.579365 0.054652 0.023810
0 0.493830 0.410714 0.040549 0.017196
0 0.438296 0.460979 0.035260 0.030423
0 0.421547 0.483466 0.026445 0.017196
0 0.748580 0.439815 0.084623 0.041005
0 0.544074 0.664021 0.031734 0.029101
1 0.224437 0.513889 0.448874 0.440476
3 0.575808 0.587302 0.617043 0.576720