3 0.495594 0.487434 0.898752 0.805556
2 0.387656 0.779762 0.224688 0.191799
2 0.329061 0.371693 0.428229 0.373016
2 0.294256 0.214286 0.307514 0.150794
2 0.570931 0.271164 0.200016 0.275132
2 0.770507 0.348545 0.304871 0.464286
2 0.863026 0.697090 0.091638 0.171958
2 0.894746 0.830026 0.100449 0.141534
2 0.609260 0.597884 0.049343 0.084656
2 0.685037 0.696429 0.044056 0.046296
2 0.737465 0.623016 0.214115 0.198413
2 0.687240 0.856481 0.092519 0.083333
2 0.288088 0.641534 0.122477 0.195767
2 0.128604 0.591931 0.106617 0.120370
2 0.204381 0.757275 0.062560 0.078042