3 0.442897 0.443122 0.600918 0.886243
3 0.527751 0.687169 0.392785 0.342593
3 0.758832 0.433862 0.481375 0.719577
2 0.469581 0.470899 0.451489 0.650794
2 0.208614 0.575397 0.093927 0.325397
2 0.288665 0.285714 0.057637 0.089947
2 0.640890 0.275794 0.100331 0.186508
2 0.504269 0.082011 0.046963 0.055556
2 0.478119 0.020503 0.007471 0.017196
2 0.437026 0.060185 0.021347 0.014550
2 0.434358 0.121693 0.013876 0.031746
2 0.649963 0.098545 0.131284 0.054233
2 0.488793 0.676587 0.026684 0.019841
2 0.508005 0.649471 0.035223 0.023810
2 0.572046 0.588624 0.022414 0.018519
2 0.823407 0.593915 0.222009 0.089947
2 0.527751 0.724868 0.320205 0.251323