1 0.525260 0.410714 0.483276 0.538360
3 0.500000 0.451058 1.000000 0.902116
0 0.902990 0.369709 0.194020 0.300265
0 0.737349 0.064815 0.183016 0.129630
0 0.957799 0.037037 0.084401 0.074074
0 0.407539 0.041667 0.242115 0.083333
0 0.082495 0.344577 0.106759 0.157407
0 0.048180 0.183862 0.055286 0.074074
0 0.057235 0.050926 0.101993 0.101852
0 0.181629 0.216270 0.055286 0.054233
0 0.752123 0.734788 0.134402 0.183862
0 0.434229 0.777778 0.099134 0.060847
0 0.409445 0.681217 0.116291 0.079365
0 0.324610 0.538360 0.106759 0.100529
0 0.907496 0.607143 0.081023 0.105820
0 0.299826 0.858466 0.091508 0.169312