1 0.469980 0.252646 0.150099 0.124339
1 0.450114 0.703704 0.101538 0.156085
1 0.521190 0.793651 0.070635 0.129630
1 0.548562 0.644841 0.137738 0.202381
1 0.607718 0.796296 0.151865 0.179894
1 0.746781 0.668651 0.131558 0.183862
1 0.807262 0.544312 0.088294 0.144180
1 0.877455 0.642196 0.096240 0.218254
1 0.718968 0.320106 0.082996 0.158730
1 0.647450 0.436508 0.123611 0.182540
1 0.771944 0.412037 0.067103 0.128307
1 0.802847 0.326720 0.105952 0.134921
1 0.870833 0.145503 0.134206 0.182540
1 0.895556 0.378307 0.141270 0.203704
1 0.953958 0.287698 0.092083 0.228836