1 0.462218 0.248016 0.115738 0.133598
1 0.644434 0.410053 0.187477 0.132275
1 0.719042 0.322751 0.099478 0.156085
1 0.768781 0.386243 0.078434 0.060847
1 0.820911 0.313492 0.111912 0.108466
1 0.867302 0.134921 0.158781 0.190476
1 0.955651 0.251984 0.088698 0.170635
1 0.910345 0.373016 0.114782 0.148148
1 0.864432 0.598545 0.076521 0.173280
1 0.808954 0.505291 0.089912 0.158730
1 0.788867 0.623677 0.131999 0.175926
1 0.575086 0.616402 0.136782 0.142857
1 0.521043 0.732804 0.101391 0.111111
1 0.447392 0.642857 0.137738 0.198413
1 0.618130 0.734127 0.155912 0.150794
1 0.921345 0.902116 0.108086 0.108466