3 0.781746 0.691799 0.436508 0.616402
3 0.488977 0.410714 0.977954 0.821428
1 0.519400 0.327381 0.405644 0.350529
1 0.065697 0.619709 0.131393 0.398148
0 0.698413 0.877646 0.153439 0.212963
0 0.774250 0.666667 0.086420 0.042328
0 0.597002 0.641534 0.045855 0.047619
0 0.263668 0.501984 0.077601 0.078042
0 0.170194 0.531746 0.074074 0.047619
0 0.074956 0.552910 0.077601 0.074074
0 0.939153 0.621032 0.091711 0.141534
0 0.868607 0.939815 0.130511 0.088624
0 0.944444 0.783730 0.074074 0.067460
0 0.803351 0.737434 0.084656 0.072751