0 0.394481 0.341807 0.082792 0.103620
0 0.308442 0.339044 0.100649 0.089804
0 0.210633 0.356314 0.073864 0.085659
0 0.113636 0.378419 0.079545 0.085659
0 0.107549 0.555955 0.080357 0.211384
0 0.237419 0.627798 0.080357 0.128489
0 0.570617 0.496546 0.053571 0.087041
0 0.607143 0.462006 0.047078 0.087041
0 0.530032 0.395689 0.053571 0.078751
0 0.573052 0.354242 0.076299 0.100857
0 0.714692 0.477894 0.064123 0.088422
0 0.722403 0.372202 0.084416 0.073225
0 0.831169 0.341116 0.099026 0.058027
0 0.938718 0.406742 0.077110 0.095330
0 0.985390 0.589804 0.029220 0.121581
0 0.697646 0.563553 0.083604 0.091185
0 0.803166 0.637469 0.101461 0.106383
0 0.701705 0.665101 0.070617 0.075988
0 0.496347 0.546974 0.078734 0.080133
0 0.399756 0.527632 0.059253 0.088422
0 0.352679 0.576679 0.072240 0.075988
0 0.373782 0.676154 0.064123 0.078751
0 0.521104 0.668555 0.108766 0.069080
0 0.294237 0.651285 0.044643 0.056645
0 0.175325 0.558027 0.024351 0.058027
3 0.517451 0.533158 0.965097 0.522244
3 0.798295 0.265819 0.257305 0.180989
1 0.178977 0.801188 0.354708 0.386847