3 0.343254 0.539683 0.359127 0.425926
3 0.729663 0.516534 0.473214 0.736772
1 0.173115 0.650132 0.346230 0.699735
0 0.216270 0.623677 0.021825 0.048942
0 0.674107 0.345238 0.058532 0.063492
0 0.561012 0.317460 0.038690 0.034392
0 0.396825 0.570767 0.031746 0.051587
0 0.376984 0.441138 0.053571 0.035714
0 0.387897 0.369048 0.023810 0.044974
0 0.382937 0.492063 0.017857 0.023810
0 0.378472 0.535714 0.012897 0.013228
0 0.362599 0.562831 0.018849 0.041005
0 0.297619 0.670635 0.029762 0.031746
0 0.258929 0.535053 0.011905 0.022487
0 0.243552 0.560185 0.010913 0.022487
0 0.342758 0.601852 0.040675 0.042328
0 0.437004 0.688492 0.022817 0.017196
0 0.455853 0.592593 0.024802 0.021164
0 0.839782 0.289683 0.018849 0.039683