3 0.674162 0.436508 0.422399 0.417989
3 0.427249 0.557540 0.099647 0.181217
3 0.372575 0.426587 0.249559 0.374339
3 0.509259 0.162037 0.277778 0.279101
2 0.515873 0.089947 0.042328 0.050265
2 0.480600 0.179894 0.059965 0.076720
2 0.584215 0.160053 0.057319 0.066138
2 0.622575 0.194444 0.042328 0.092593
2 0.564815 0.431217 0.055556 0.068783
2 0.584215 0.320767 0.126102 0.099206
2 0.731041 0.373677 0.068783 0.115079
2 0.657407 0.519180 0.108466 0.226190
2 0.574956 0.580026 0.059965 0.117725
2 0.743386 0.570106 0.029982 0.052910
2 0.810406 0.350529 0.038801 0.071429
2 0.757055 0.279762 0.078483 0.104497
2 0.660053 0.297619 0.039683 0.029101
2 0.358025 0.451058 0.097002 0.187831
2 0.296296 0.357804 0.054674 0.059524
2 0.344797 0.309524 0.093474 0.074074
2 0.447090 0.412698 0.111111 0.309524
2 0.511023 0.574074 0.041446 0.076720
2 0.811287 0.491402 0.075838 0.136243