3 0.739854 0.712894 0.520292 0.574212
1 0.602679 0.527056 0.054383 0.044836
1 0.642451 0.599722 0.062500 0.029375
1 0.644886 0.626005 0.038149 0.057205
1 0.626623 0.666203 0.064935 0.085034
1 0.691964 0.670841 0.070617 0.134508
1 0.724432 0.632189 0.043019 0.085034
1 0.746753 0.758967 0.030844 0.063389
1 0.745942 0.713358 0.029221 0.080396
1 0.782873 0.900433 0.034903 0.092764
1 0.803166 0.723408 0.044643 0.044836
1 0.795860 0.694032 0.043019 0.063389
1 0.824269 0.831633 0.043019 0.109771
1 0.909091 0.926716 0.047078 0.102041
1 0.867289 0.881107 0.059253 0.097403
1 0.956981 0.874923 0.086038 0.187075
1 0.585633 0.817254 0.203734 0.365492