3 0.457341 0.133598 0.295635 0.124339
3 0.459325 0.200397 0.279762 0.120370
3 0.453373 0.268519 0.287698 0.129630
3 0.456349 0.363757 0.297619 0.150794
3 0.464286 0.437169 0.297619 0.144180
3 0.459325 0.513889 0.279762 0.117725
3 0.460317 0.598545 0.293651 0.107143
3 0.471230 0.695767 0.303571 0.145503
3 0.476190 0.822751 0.321429 0.190476
4 0.469246 0.826058 0.291667 0.183862
4 0.459325 0.728175 0.283730 0.197090
4 0.479167 0.586640 0.244048 0.093915
4 0.460317 0.498677 0.269841 0.082011
4 0.460317 0.410053 0.285714 0.079365
4 0.456349 0.324735 0.285714 0.075397
4 0.452381 0.237434 0.277778 0.072751
4 0.453373 0.155423 0.236111 0.059524