3 0.502349 0.499339 0.995302 0.993386
2 0.378378 0.493386 0.329614 0.664021
2 0.690806 0.151455 0.124266 0.133598
2 0.719890 0.034392 0.118978 0.068783
2 0.718568 0.302249 0.142774 0.146825
2 0.664366 0.618386 0.344597 0.763228
2 0.932288 0.667989 0.050235 0.111111
2 0.871036 0.234127 0.095183 0.201058
2 0.894391 0.469577 0.177146 0.142857
2 0.910255 0.041667 0.018508 0.027778
2 0.963134 0.072751 0.051998 0.050265
2 0.500000 0.117725 0.081082 0.105820
2 0.564336 0.131614 0.063455 0.091270
2 0.285839 0.106481 0.126910 0.167989
2 0.199910 0.402116 0.069624 0.277778
2 0.117066 0.306217 0.222974 0.612434
2 0.382344 0.884259 0.267040 0.231481
2 0.751177 0.445106 0.052879 0.072751
2 0.689043 0.556878 0.073150 0.095238
2 0.665688 0.728836 0.044066 0.076720