3 0.835154 0.521164 0.192780 0.306878
3 0.689685 0.308862 0.167135 0.191799
3 0.580914 0.473545 0.183052 0.280423
3 0.484525 0.585317 0.197201 0.289683
3 0.392114 0.343254 0.191011 0.228836
3 0.277596 0.166667 0.193664 0.166667
3 0.187396 0.337302 0.241417 0.259259
3 0.204640 0.579365 0.247607 0.343915
3 0.393440 0.688492 0.197201 0.284392
3 0.335076 0.469577 0.121151 0.201058
3 0.586220 0.801587 0.165366 0.232804
3 0.465954 0.868386 0.257335 0.255291
3 0.315621 0.914683 0.227268 0.170634
3 0.150697 0.865741 0.272368 0.268518
3 0.048377 0.678571 0.096754 0.367725
3 0.059873 0.443783 0.119746 0.223545
3 0.040418 0.230820 0.080836 0.144180
3 0.109134 0.115079 0.168019 0.206349
3 0.027154 0.125661 0.054307 0.111111
3 0.039976 0.031085 0.079952 0.062169
3 0.280249 0.068783 0.149449 0.100529
3 0.446057 0.156085 0.191011 0.171958
3 0.517686 0.288360 0.153870 0.211640
3 0.696317 0.156085 0.221078 0.190476
3 0.866547 0.242725 0.170672 0.234127
3 0.922883 0.380952 0.154234 0.328042
3 0.890423 0.087302 0.144143 0.174603
3 0.958697 0.131614 0.082605 0.194444
3 0.959400 0.041005 0.076935 0.082010
3 0.755124 0.044974 0.154754 0.089947
3 0.578262 0.093915 0.107002 0.095238
3 0.645027 0.056217 0.095506 0.112434
4 0.582241 0.439153 0.106117 0.142857
4 0.693222 0.291005 0.091084 0.113757
4 0.508843 0.284392 0.049521 0.063492
4 0.173689 0.892196 0.130878 0.146825
1 0.175900 0.351852 0.223731 0.171958
1 0.207735 0.255952 0.202507 0.152116
1 0.189607 0.557540 0.215772 0.310847
1 0.390788 0.958995 0.076935 0.082010
1 0.290418 0.904762 0.111423 0.100529
1 0.152024 0.872354 0.257335 0.255291
1 0.477450 0.613757 0.128225 0.193122
1 0.480545 0.463624 0.070745 0.048942