3 0.421517 0.408069 0.843034 0.816138
3 0.270282 0.869048 0.521164 0.261904
3 0.738977 0.815476 0.522046 0.363757
0 0.399912 0.453704 0.097884 0.322751
0 0.465168 0.445106 0.053792 0.170635
0 0.609347 0.388228 0.049383 0.096561
0 0.167108 0.512566 0.126102 0.096561
0 0.138448 0.686508 0.077601 0.087302
0 0.101852 0.906746 0.041446 0.067460
0 0.048942 0.929233 0.046737 0.083333
0 0.174603 0.932540 0.075838 0.111111
0 0.231041 0.811508 0.116402 0.070106
0 0.394180 0.795635 0.079365 0.101852
0 0.387125 0.844577 0.037037 0.051587
0 0.373898 0.965608 0.042328 0.034392
0 0.459436 0.857143 0.017637 0.074074
0 0.564374 0.894180 0.084656 0.161376
0 0.650794 0.855159 0.089947 0.128307
0 0.889771 0.703042 0.065256 0.096561
0 0.938713 0.698413 0.062610 0.068783
0 0.769841 0.746032 0.063492 0.068783
0 0.699735 0.714947 0.044974 0.048942
0 0.674603 0.748677 0.035273 0.042328
0 0.817901 0.962302 0.085538 0.075396
0 0.916226 0.976190 0.042328 0.047619
0 0.717813 0.970899 0.067019 0.058201
0 0.257937 0.737434 0.053792 0.043651
0 0.314374 0.710317 0.025573 0.021164
0 0.214286 0.768519 0.037037 0.023810
0 0.141093 0.798942 0.059965 0.042328
0 0.766314 0.424603 0.031746 0.029101
0 0.517196 0.271825 0.074956 0.043651
0 0.432981 0.253968 0.061728 0.031746