3 0.276695 0.341270 0.553390 0.682540
3 0.472820 0.613757 0.630974 0.624339
0 0.517473 0.615741 0.118429 0.149471
0 0.297118 0.361772 0.073775 0.123016
0 0.291293 0.194444 0.056302 0.071429
0 0.237418 0.347222 0.070863 0.152116
0 0.180630 0.482804 0.087366 0.089947
0 0.105399 0.486111 0.063097 0.149471
0 0.387881 0.190476 0.051449 0.150794
0 0.459229 0.194444 0.077658 0.219577
0 0.459715 0.379630 0.045624 0.071429
0 0.534946 0.298280 0.042712 0.112434
0 0.673760 0.641534 0.034946 0.066138
0 0.657258 0.698413 0.036888 0.047619
0 0.469422 0.453042 0.082512 0.130952
0 0.386910 0.625000 0.127165 0.123016
0 0.319930 0.728836 0.164053 0.169312