3 0.675099 0.503968 0.649802 0.873016
3 0.380456 0.294974 0.760912 0.589947
0 0.530258 0.675265 0.060516 0.064815
0 0.504960 0.611111 0.059524 0.068783
0 0.615079 0.726852 0.067460 0.096561
0 0.584821 0.793651 0.062500 0.068783
0 0.532738 0.767196 0.055556 0.079365
0 0.478175 0.723545 0.075397 0.079365
0 0.490575 0.675265 0.054563 0.062169
0 0.445437 0.525132 0.069444 0.047619
0 0.422619 0.587963 0.085317 0.101852
0 0.408730 0.753307 0.033730 0.051587
0 0.390377 0.683201 0.038690 0.064815
0 0.426587 0.687169 0.049603 0.054233
0 0.528274 0.831349 0.040675 0.048942
0 0.605655 0.882275 0.032738 0.052910
0 0.643353 0.888889 0.038690 0.060847
0 0.641865 0.833333 0.019841 0.034392
0 0.595238 0.849206 0.051587 0.029101
0 0.576885 0.646825 0.026786 0.042328