0 0.298088 0.210317 0.066010 0.058201
0 0.465539 0.210979 0.063097 0.202381
0 0.403412 0.203042 0.090278 0.138889
0 0.316047 0.357143 0.109692 0.134921
0 0.227711 0.337963 0.177643 0.202381
0 0.135977 0.484788 0.188321 0.133598
0 0.261686 0.681878 0.070863 0.099206
0 0.379144 0.627646 0.131048 0.104497
0 0.373320 0.759259 0.080570 0.087302
0 0.501941 0.608466 0.102897 0.214286
0 0.659200 0.475529 0.176673 0.130952
0 0.677643 0.660053 0.091249 0.119048
0 0.483012 0.448413 0.045624 0.063492
0 0.558729 0.366402 0.059214 0.044974
3 0.496117 0.641534 0.599910 0.629630
3 0.287858 0.357804 0.575716 0.715608