3 0.264881 0.380291 0.505952 0.625661
3 0.696429 0.544974 0.551587 0.650794
3 0.947917 0.918651 0.104166 0.162698
0 0.556052 0.527778 0.044643 0.066138
0 0.480655 0.707672 0.036706 0.031746
0 0.631448 0.602513 0.034722 0.051587
0 0.612103 0.672619 0.043651 0.043651
0 0.766369 0.633598 0.034722 0.044974
0 0.790675 0.673942 0.031746 0.035714
0 0.761905 0.709656 0.035714 0.038360
0 0.683036 0.507275 0.044643 0.070106
0 0.722718 0.458995 0.034722 0.039683
0 0.854167 0.458333 0.043651 0.075397
0 0.987103 0.939815 0.025794 0.043651
0 0.840774 0.793651 0.082341 0.084656
0 0.826389 0.834656 0.081349 0.037037