3 0.445767 0.422619 0.891534 0.845238
3 0.263668 0.883598 0.527336 0.232804
3 0.744709 0.819444 0.510582 0.361111
0 0.420635 0.469577 0.081129 0.272487
0 0.462963 0.442460 0.065256 0.170635
0 0.615079 0.390873 0.034392 0.099206
0 0.646384 0.437169 0.059965 0.043651
0 0.772487 0.419974 0.058201 0.067460
0 0.492945 0.263228 0.082892 0.058201
0 0.545855 0.308862 0.024691 0.062169
0 0.149912 0.691138 0.095238 0.072751
0 0.051146 0.535714 0.102292 0.145503
0 0.131834 0.799603 0.067901 0.054233
0 0.215608 0.764550 0.037919 0.050265
0 0.252205 0.725529 0.042328 0.056878
0 0.318342 0.719577 0.052910 0.058201
0 0.659171 0.857143 0.099647 0.164021
0 0.561728 0.890212 0.095238 0.195767
0 0.896384 0.703042 0.082011 0.091270
0 0.825397 0.960317 0.095238 0.079365
0 0.720459 0.957011 0.089947 0.085978
0 0.681217 0.747354 0.039683 0.023810
0 0.703263 0.716931 0.046737 0.047619
0 0.662257 0.692460 0.042328 0.033069
0 0.615520 0.739418 0.031746 0.044974
0 0.852734 0.801587 0.044092 0.047619
0 0.782628 0.761243 0.055556 0.062169
0 0.940917 0.701720 0.058201 0.083333
0 0.979277 0.756614 0.041446 0.076720
0 0.404321 0.799603 0.122575 0.083333
0 0.230600 0.804233 0.120811 0.058201
0 0.175485 0.941138 0.088183 0.117724
0 0.109347 0.908730 0.056437 0.068783
0 0.048501 0.923280 0.056437 0.097884
0 0.373016 0.956349 0.029982 0.037037
0 0.454586 0.969577 0.055556 0.060846
0 0.459877 0.870370 0.036155 0.063492
0 0.176808 0.529762 0.119048 0.136243