3 0.375000 0.562831 0.747354 0.874338
3 0.789683 0.347884 0.420634 0.664021
0 0.921296 0.505291 0.128307 0.134921
0 0.970238 0.286376 0.059524 0.075397
0 0.675265 0.067460 0.051587 0.042328
0 0.818122 0.248016 0.025132 0.035714
0 0.851852 0.300926 0.039683 0.027778
0 0.797619 0.345238 0.055556 0.116402
0 0.732143 0.335317 0.051587 0.059524
0 0.708995 0.160714 0.066138 0.035714
0 0.705688 0.250000 0.027778 0.023810
0 0.730159 0.209656 0.034392 0.027778
0 0.863095 0.391534 0.027778 0.029101
0 0.906746 0.400132 0.035714 0.025132
0 0.929233 0.353175 0.033069 0.031746
0 0.911376 0.310847 0.023810 0.021164
0 0.869048 0.242725 0.029101 0.035714
0 0.843254 0.219577 0.030423 0.039683
0 0.853836 0.188492 0.043651 0.046296
0 0.802910 0.202381 0.031746 0.058201
0 0.973545 0.632937 0.031746 0.035714
0 0.834656 0.578042 0.050265 0.042328