3 0.473062 0.478836 0.774577 0.947090
3 0.772522 0.157407 0.454956 0.314814
3 0.909420 0.406085 0.181160 0.301587
3 0.878507 0.635582 0.242985 0.292328
3 0.230620 0.591270 0.457504 0.798942
3 0.295095 0.098545 0.505197 0.194444
2 0.352504 0.597222 0.512263 0.469577
2 0.637781 0.619709 0.077723 0.107143
2 0.737584 0.485450 0.105985 0.105820
2 0.915602 0.433862 0.168795 0.253968
2 0.709321 0.148810 0.310891 0.297619
2 0.672668 0.689815 0.163394 0.167989
2 0.175861 0.759259 0.347986 0.410053
0 0.499558 0.531085 0.027380 0.030423
0 0.488960 0.496693 0.020314 0.025132
0 0.564474 0.575397 0.019431 0.029101
0 0.568007 0.550265 0.024730 0.023810
0 0.600686 0.511905 0.026496 0.026455
0 0.607752 0.438492 0.028263 0.030423
0 0.608635 0.381614 0.040628 0.033069
0 0.472179 0.294974 0.037978 0.037037
0 0.771588 0.354497 0.062708 0.055556
0 0.656329 0.236772 0.051226 0.063492
0 0.543719 0.138228 0.025613 0.035714
0 0.351179 0.322751 0.037978 0.060847
0 0.227529 0.330026 0.039745 0.025132