3 0.599051 0.562831 0.330171 0.376984
3 0.362209 0.494709 0.250930 0.386243
3 0.245988 0.296296 0.219234 0.150794
3 0.510125 0.220899 0.476327 0.399471
3 0.744327 0.488095 0.206907 0.407407
0 0.389943 0.132937 0.029936 0.051587
0 0.479309 0.208333 0.043142 0.059524
0 0.502201 0.296296 0.025533 0.039683
0 0.556349 0.263228 0.036979 0.092593
0 0.564714 0.168651 0.058991 0.046296
0 0.446732 0.117725 0.043142 0.066138
0 0.406231 0.065476 0.032577 0.035714
0 0.472266 0.288360 0.043142 0.037037
0 0.412835 0.251323 0.051066 0.087302