3 0.545635 0.517196 0.908730 0.867725
1 0.638393 0.592593 0.594246 0.375661
1 0.308036 0.116402 0.616071 0.232804
0 0.339286 0.496693 0.037698 0.088624
0 0.659722 0.816799 0.111111 0.128307
0 0.913194 0.778439 0.048611 0.041005
0 0.958333 0.717593 0.083333 0.141534
0 0.885913 0.734788 0.055556 0.046296
0 0.839782 0.766534 0.056548 0.078042
0 0.959325 0.863757 0.081349 0.071429
0 0.530754 0.805556 0.063492 0.050265
0 0.375992 0.426587 0.045635 0.046296
0 0.701389 0.383598 0.033730 0.029101
0 0.599702 0.381614 0.038690 0.030423
0 0.621528 0.351852 0.040675 0.023810
0 0.567956 0.351190 0.048611 0.025132
0 0.914187 0.499339 0.036706 0.048942
0 0.932540 0.566799 0.061508 0.064815
0 0.953373 0.492725 0.033730 0.048942
0 0.585813 0.859127 0.032738 0.027778
0 0.427579 0.754630 0.041667 0.033069
0 0.404266 0.719577 0.046627 0.037037
0 0.488591 0.729497 0.042659 0.043651
0 0.735119 0.823413 0.025794 0.048942
0 0.790675 0.816138 0.031746 0.039683
0 0.770337 0.794974 0.034722 0.042328
0 0.829861 0.875000 0.022817 0.033069
0 0.860119 0.833995 0.025794 0.033069
0 0.879960 0.863095 0.021825 0.022487
0 0.780258 0.912698 0.040675 0.034392
0 0.802083 0.880952 0.016865 0.018519
0 0.775298 0.865741 0.018849 0.014550
0 0.749008 0.889550 0.013889 0.019841
0 0.709325 0.878968 0.031746 0.027778
0 0.884921 0.925926 0.015873 0.023810
0 0.911706 0.912698 0.033730 0.023810
0 0.791667 0.382275 0.027778 0.026455
0 0.488591 0.839286 0.026786 0.035714
0 0.443948 0.807540 0.036706 0.033069
0 0.475198 0.794974 0.023810 0.026455
0 0.478175 0.763228 0.041667 0.037037
0 0.596726 0.828704 0.028770 0.027778
0 0.674107 0.417989 0.034722 0.044974
0 0.622024 0.414683 0.033730 0.035714
0 0.487599 0.365079 0.026786 0.037037
0 0.409226 0.377646 0.030754 0.030423
0 0.452877 0.386905 0.022817 0.025132
0 0.337798 0.382937 0.042659 0.035714
0 0.293155 0.412698 0.040675 0.037037
0 0.391865 0.359127 0.051587 0.030423
0 0.353175 0.347222 0.029762 0.035714
0 0.825397 0.429894 0.037698 0.042328