3 0.461664 0.574735 0.564902 0.461640
3 0.615007 0.516534 0.392171 0.403439
3 0.672731 0.453704 0.333125 0.314815
3 0.749403 0.502646 0.280248 0.447090
2 0.592094 0.550926 0.073146 0.091270
2 0.512779 0.593915 0.069621 0.084656
2 0.386314 0.501984 0.056402 0.070106
2 0.352826 0.638889 0.059927 0.087302
2 0.211820 0.643519 0.035251 0.038360
2 0.261613 0.679233 0.041420 0.056878
2 0.250156 0.591931 0.044945 0.048942
0 0.337844 0.468915 0.065215 0.072751
0 0.453292 0.416005 0.045827 0.041005
0 0.722965 0.444444 0.026438 0.039683
0 0.789501 0.516534 0.018507 0.043651