0 0.199559 0.476190 0.096102 0.095238
0 0.240330 0.322090 0.103868 0.175926
0 0.400500 0.187169 0.065039 0.083333
0 0.445154 0.199735 0.086395 0.232804
0 0.523297 0.307540 0.031063 0.144180
0 0.309252 0.359788 0.096102 0.089947
0 0.313135 0.194444 0.074746 0.076720
0 0.509222 0.613095 0.127165 0.154762
0 0.661626 0.701720 0.065039 0.051587
0 0.668421 0.637566 0.063097 0.068783
0 0.485439 0.457672 0.064068 0.089947
0 0.397103 0.649471 0.093190 0.074074
0 0.418944 0.584656 0.065039 0.060847
0 0.343713 0.599868 0.089307 0.062169
0 0.265084 0.664683 0.085424 0.075397
0 0.364583 0.762566 0.189292 0.125661
0 0.120930 0.476852 0.076688 0.218254
3 0.480585 0.642196 0.597969 0.617725
3 0.286402 0.347222 0.572804 0.694444