0 0.534722 0.669974 0.055556 0.064815
0 0.510913 0.612434 0.037698 0.037037
0 0.461806 0.595899 0.026786 0.022487
0 0.473214 0.624339 0.025794 0.039683
0 0.489583 0.662698 0.038690 0.047619
0 0.535714 0.761905 0.041667 0.087302
0 0.468750 0.705688 0.064484 0.075397
0 0.456845 0.759259 0.042659 0.076720
0 0.498016 0.784392 0.017857 0.042328
0 0.611607 0.733466 0.064484 0.093915
0 0.587302 0.791667 0.041667 0.070106
0 0.596230 0.851852 0.037698 0.029101
0 0.607639 0.886243 0.038690 0.034392
0 0.640377 0.891534 0.050595 0.074074
0 0.640873 0.839947 0.019841 0.034392
0 0.420635 0.623016 0.027778 0.034392
0 0.417163 0.687169 0.034722 0.041005
0 0.398810 0.699735 0.029762 0.047619
0 0.410714 0.751984 0.025794 0.059524
0 0.524306 0.833995 0.020833 0.025132
3 0.389385 0.310185 0.770833 0.620370
3 0.676091 0.496032 0.647817 0.851852