0 0.554233 0.298942 0.068783 0.100529
0 0.666667 0.369709 0.100529 0.115079
0 0.580688 0.357804 0.039683 0.054233
0 0.735450 0.490741 0.031746 0.079365
0 0.761243 0.421296 0.059524 0.067460
0 0.654101 0.439815 0.041005 0.051587
0 0.665344 0.527778 0.108466 0.126984
0 0.438492 0.397487 0.035714 0.051587
0 0.445767 0.312831 0.055556 0.059524
0 0.378968 0.347222 0.043651 0.088624
0 0.216270 0.273810 0.043651 0.100529
0 0.259921 0.271164 0.043651 0.068783
0 0.302249 0.324735 0.048942 0.054233
0 0.492063 0.245370 0.029101 0.051587
0 0.488757 0.312831 0.025132 0.046296
0 0.468254 0.362434 0.031746 0.039683
0 0.355159 0.222222 0.035714 0.047619
0 0.770503 0.538360 0.030423 0.066138
0 0.538360 0.441799 0.113757 0.132275
0 0.683201 0.302910 0.027778 0.037037
0 0.501323 0.187169 0.087302 0.070106
0 0.404101 0.169312 0.088624 0.044974
0 0.640212 0.265212 0.031746 0.022487
0 0.728836 0.353175 0.050265 0.034392
3 0.513228 0.405423 0.682540 0.541005
3 0.449735 0.630291 0.642857 0.546296