3 0.530258 0.419312 0.939484 0.838624
3 0.230655 0.797619 0.461310 0.404762
0 0.580357 0.548280 0.065476 0.075397
0 0.252480 0.345238 0.118056 0.193122
0 0.560020 0.311508 0.036706 0.054233
0 0.606647 0.193122 0.046627 0.063492
0 0.664187 0.279101 0.046627 0.055556
0 0.625992 0.385582 0.025794 0.067460
0 0.681052 0.375000 0.052579 0.059524
0 0.682540 0.769841 0.029762 0.047619
0 0.216270 0.574074 0.035714 0.058201
0 0.415179 0.341270 0.028770 0.052910
0 0.373512 0.327381 0.028770 0.033069
0 0.431548 0.257937 0.027778 0.042328
0 0.449901 0.335979 0.020833 0.042328
0 0.604663 0.677910 0.100198 0.096561
0 0.568948 0.424603 0.062500 0.092593
0 0.740079 0.300265 0.059524 0.103175