0 0.368101 0.642136 0.145292 0.148629
0 0.325081 0.772006 0.051136 0.073593
0 0.236607 0.638528 0.026786 0.060606
0 0.261769 0.733045 0.060877 0.186147
0 0.208604 0.735931 0.030844 0.093795
0 0.261364 0.854978 0.042208 0.069264
0 0.382305 0.849206 0.064935 0.132756
0 0.511364 0.830447 0.079545 0.227994
0 0.461445 0.728716 0.043019 0.093795
0 0.345373 0.871573 0.041396 0.047619
0 0.541802 0.438672 0.046266 0.131313
0 0.611201 0.280664 0.063312 0.204906
0 0.662338 0.347763 0.051948 0.209235
0 0.617289 0.450216 0.038149 0.111111
0 0.643669 0.528139 0.071429 0.177489
0 0.700487 0.533911 0.022727 0.059163
0 0.627841 0.646465 0.026786 0.050505
0 0.586445 0.575036 0.038149 0.098124
0 0.532468 0.226551 0.058442 0.122655
0 0.483360 0.243867 0.062500 0.191919
0 0.535714 0.336941 0.053571 0.031746
0 0.543019 0.296537 0.025974 0.020202
0 0.574675 0.336219 0.037338 0.047619
0 0.423701 0.803030 0.019481 0.034632
0 0.384334 0.759019 0.030032 0.030303
0 0.448864 0.857864 0.030844 0.089466
3 0.646916 0.476912 0.384740 0.678211
3 0.402597 0.719336 0.417208 0.473304
3 0.201299 0.229437 0.402597 0.411255
3 0.042614 0.335498 0.085227 0.326118
3 0.540584 0.183983 0.467532 0.352092