3 0.500661 0.591931 0.503968 0.808201
3 0.769180 0.410714 0.461640 0.789683
3 0.272487 0.322090 0.544974 0.644180
0 0.417989 0.330026 0.142857 0.130952
0 0.631614 0.670635 0.067460 0.092593
0 0.607143 0.796296 0.129630 0.121693
0 0.642196 0.492725 0.162698 0.202381
0 0.365079 0.582011 0.150794 0.074074
0 0.372354 0.666667 0.154762 0.084656
0 0.496032 0.674603 0.031746 0.029101
0 0.492063 0.545635 0.039683 0.038360
0 0.364418 0.424603 0.033069 0.029101
0 0.538360 0.614418 0.044974 0.035714
0 0.417328 0.818783 0.043651 0.063492