0 0.272111 0.362434 0.037098 0.050265
0 0.242962 0.824735 0.033565 0.059524
0 0.114443 0.796296 0.055647 0.100529
0 0.460252 0.802249 0.035332 0.064815
0 0.583029 0.777778 0.105995 0.126984
0 0.583471 0.285714 0.055647 0.097884
0 0.790603 0.235450 0.049464 0.055556
0 0.722590 0.460317 0.058297 0.134921
0 0.702715 0.779762 0.030915 0.080688
0 0.763663 0.824735 0.041515 0.056878
0 0.670917 0.851190 0.030915 0.046296
0 0.109585 0.365079 0.021199 0.044974
0 0.114001 0.283730 0.049464 0.056878
0 0.181132 0.230159 0.072430 0.063492
2 0.323342 0.623677 0.072430 0.316138
2 0.403280 0.593915 0.096279 0.375661
2 0.804294 0.539021 0.068013 0.154762
2 0.933255 0.398810 0.030915 0.128307
2 0.819752 0.780423 0.028265 0.105820
2 0.468643 0.824735 0.094512 0.109788
2 0.235012 0.849206 0.051231 0.111111
2 0.080878 0.819444 0.045048 0.091270
3 0.201889 0.529101 0.315335 0.767196
3 0.492050 0.511243 0.302086 0.794974
3 0.791045 0.538360 0.290603 0.761905
0 0.809152 0.185185 0.030032 0.029101
0 0.870541 0.201720 0.041515 0.041005
0 0.763663 0.199074 0.050348 0.038360
0 0.710665 0.243386 0.041515 0.047619
0 0.788395 0.371032 0.020316 0.046296
0 0.201006 0.343254 0.027382 0.030423
0 0.170974 0.359788 0.039748 0.039683
0 0.259303 0.283730 0.032682 0.041005
0 0.433753 0.337963 0.028265 0.033069
0 0.556089 0.202381 0.057414 0.060847
0 0.518991 0.521825 0.015016 0.035714
0 0.541956 0.547619 0.018549 0.052910
0 0.738489 0.564153 0.014133 0.027778
0 0.667384 0.314153 0.011483 0.033069