0 0.121544 0.486772 0.078606 0.105820
0 0.187343 0.455688 0.060058 0.075397
0 0.328657 0.359127 0.058292 0.046296
2 0.276547 0.421296 0.047693 0.067460
2 0.322474 0.507275 0.044161 0.054233
2 0.342347 0.420635 0.034445 0.039683
2 0.205449 0.579365 0.039745 0.058201
2 0.276547 0.636243 0.042394 0.087302
2 0.080033 0.526455 0.057409 0.108466
2 0.143182 0.726190 0.051226 0.055556
2 0.238128 0.743386 0.096270 0.089947
2 0.353828 0.664683 0.119234 0.109788
2 0.409471 0.566799 0.025613 0.043651
2 0.473504 0.419974 0.060058 0.056878
2 0.400639 0.355159 0.029146 0.048942
2 0.459372 0.337963 0.022964 0.041005
2 0.428901 0.273148 0.030912 0.043651
2 0.439058 0.232804 0.024730 0.034392
2 0.433317 0.186508 0.034445 0.037037
2 0.376350 0.225529 0.038861 0.041005
2 0.305693 0.257937 0.061825 0.119048
2 0.488077 0.252646 0.034445 0.042328
2 0.613493 0.296296 0.161628 0.232804
2 0.714179 0.246032 0.098037 0.100529
2 0.474828 0.530423 0.128066 0.079365
2 0.508391 0.449074 0.037978 0.048942
2 0.575073 0.453042 0.054759 0.099206
2 0.624091 0.519841 0.050343 0.095238
2 0.718595 0.503307 0.075073 0.059524
2 0.731402 0.425265 0.031796 0.046296
2 0.748183 0.341931 0.047693 0.056878
2 0.715945 0.654762 0.045044 0.039683
2 0.794551 0.704365 0.179292 0.138889
2 0.638223 0.777116 0.165161 0.062169
2 0.448774 0.840608 0.270263 0.078042
2 0.397989 0.773148 0.106869 0.054233
2 0.525613 0.651455 0.153679 0.128307
2 0.689449 0.564153 0.159861 0.109788
2 0.783511 0.493386 0.031796 0.047619
2 0.050003 0.663360 0.098037 0.125661
0 0.040730 0.634259 0.044161 0.056878
0 0.037197 0.542989 0.056526 0.107143
0 0.866975 0.637566 0.048577 0.058201
0 0.812657 0.598545 0.030029 0.043651
0 0.854610 0.572090 0.016781 0.035714
0 0.776004 0.660053 0.036212 0.026455
0 0.651471 0.648148 0.022080 0.021164
0 0.816190 0.412698 0.044161 0.042328
0 0.523405 0.283730 0.020314 0.038360
0 0.515456 0.359788 0.037978 0.047619
0 0.471296 0.283730 0.052110 0.059524
3 0.465555 0.449074 0.925606 0.898148