3 0.382711 0.425189 0.499188 0.850378
3 0.821429 0.420184 0.298701 0.641234
3 0.894075 0.345103 0.189123 0.518128
3 0.910714 0.282197 0.178571 0.514069
0 0.905032 0.484443 0.038961 0.068994
0 0.827110 0.427624 0.038961 0.109578
0 0.791802 0.346456 0.026786 0.071699
0 0.719968 0.336310 0.032468 0.056818
0 0.721185 0.405979 0.023539 0.050054
0 0.730519 0.515557 0.038961 0.071699
0 0.762987 0.422213 0.022727 0.044643
0 0.768669 0.240260 0.024351 0.081169
0 0.845373 0.207792 0.017045 0.064935
0 0.788961 0.603490 0.024351 0.047348
0 0.844156 0.681277 0.029221 0.048701
0 0.886364 0.669778 0.032468 0.041937
0 0.839286 0.617695 0.055195 0.051407
2 0.413149 0.506764 0.107143 0.194805
2 0.327516 0.727273 0.056006 0.108225
2 0.189529 0.445211 0.080357 0.152868
2 0.315747 0.169913 0.092532 0.119048