1 0.388448 0.181217 0.089065 0.148148
1 0.496914 0.127646 0.062610 0.162698
1 0.297178 0.386243 0.040564 0.113757
1 0.331570 0.435185 0.047619 0.076720
1 0.064374 0.587963 0.054674 0.064815
1 0.065697 0.657407 0.039683 0.079365
1 0.126984 0.911376 0.100529 0.134921
1 0.165344 0.840608 0.048501 0.078042
1 0.380071 0.873677 0.114638 0.152116
1 0.533069 0.757937 0.157848 0.190476
1 0.458113 0.572751 0.053792 0.105820
1 0.659612 0.138228 0.079365 0.091270
1 0.570547 0.141534 0.035273 0.079365
1 0.562610 0.207672 0.038801 0.037037
1 0.579365 0.257937 0.052910 0.066138
1 0.849647 0.306217 0.080247 0.390212
1 0.723545 0.408730 0.057319 0.089947
1 0.660935 0.282407 0.064374 0.215608
1 0.610229 0.356481 0.042328 0.056878
1 0.664462 0.464286 0.039683 0.071429
1 0.607143 0.517196 0.104938 0.150794
1 0.670635 0.601190 0.069665 0.152116
1 0.865520 0.837963 0.104938 0.321429
1 0.804674 0.919974 0.074956 0.112434
1 0.641975 0.886905 0.089947 0.183862
1 0.571429 0.866402 0.070547 0.079365
1 0.540123 0.944444 0.039683 0.042328
1 0.585538 0.969577 0.033510 0.031746
1 0.730159 0.944444 0.037037 0.068783
1 0.699295 0.757937 0.056437 0.095238
1 0.650353 0.708333 0.052028 0.083333
1 0.936949 0.753968 0.085538 0.089947
1 0.915785 0.800265 0.073192 0.074074
1 0.980600 0.577381 0.021164 0.046296
1 0.984568 0.607143 0.030864 0.119048
1 0.960317 0.335979 0.044092 0.068783
1 0.832892 0.546296 0.043210 0.076720
1 0.833774 0.613757 0.023810 0.084656
1 0.802469 0.476852 0.026455 0.059524
1 0.769400 0.404101 0.057319 0.070106
1 0.715168 0.210317 0.021164 0.058201
1 0.742504 0.281746 0.022928 0.044974
1 0.723545 0.314815 0.027337 0.060847
1 0.486772 0.340608 0.052910 0.064815
1 0.434303 0.451720 0.069665 0.067460
1 0.397707 0.522487 0.042328 0.103175
1 0.399912 0.616402 0.039683 0.124339
1 0.361993 0.285053 0.016755 0.030423
1 0.274691 0.091270 0.022046 0.029101
1 0.076279 0.102513 0.046737 0.072751
1 0.060847 0.207672 0.031746 0.034392
1 0.240741 0.022487 0.040564 0.042328
1 0.017196 0.493386 0.034392 0.251323
1 0.018959 0.298942 0.037918 0.113757
1 0.063933 0.765873 0.043210 0.076720
1 0.215608 0.896164 0.048501 0.096561
1 0.278660 0.941138 0.015873 0.041005
1 0.451940 0.962963 0.060847 0.074074
1 0.683862 0.836640 0.044974 0.064815
1 0.798501 0.683862 0.034392 0.031746
1 0.735891 0.502646 0.032628 0.060847
1 0.544974 0.444444 0.056437 0.044974
1 0.906085 0.442460 0.018519 0.051587
1 0.990741 0.500661 0.018518 0.099206
1 0.811728 0.375000 0.025573 0.064815
1 0.493386 0.304233 0.032628 0.047619
1 0.416667 0.353836 0.039683 0.062169
1 0.624339 0.257937 0.028219 0.029101
1 0.579806 0.036376 0.039683 0.048942
1 0.568783 0.084656 0.028219 0.021164
1 0.530423 0.101190 0.030864 0.025132
1 0.481481 0.249339 0.054674 0.059524
1 0.277778 0.247354 0.045855 0.087302
1 0.253527 0.204365 0.062610 0.088624
1 0.227513 0.250661 0.028219 0.025132
1 0.238095 0.281085 0.021164 0.064815
1 0.344356 0.101190 0.022046 0.046296
1 0.339065 0.047619 0.020282 0.042328
1 0.337302 0.016534 0.022046 0.022487
1 0.370811 0.007275 0.034392 0.014550
1 0.366843 0.053571 0.026455 0.025132
1 0.140212 0.295635 0.029982 0.054233
1 0.085097 0.343254 0.027337 0.046296
1 0.287037 0.597222 0.025573 0.051587
1 0.290564 0.464947 0.025573 0.041005
1 0.058201 0.518519 0.021164 0.055556
1 0.018519 0.789021 0.028219 0.070106
1 0.029982 0.856481 0.026455 0.070106
1 0.291887 0.837963 0.024691 0.075397
1 0.302028 0.783069 0.041446 0.108466
1 0.361111 0.683862 0.037919 0.063492
1 0.611111 0.613757 0.026455 0.052910
1 0.801587 0.607143 0.047619 0.071429
1 0.884480 0.534392 0.049383 0.119048
1 0.940917 0.453704 0.031746 0.047619
1 0.937831 0.273148 0.029101 0.056878
1 0.898148 0.081349 0.041446 0.048942
1 0.617284 0.012566 0.075838 0.025132
1 0.498236 0.028439 0.035273 0.038360
1 0.439153 0.105820 0.022928 0.034392
1 0.445767 0.171296 0.018519 0.035714
1 0.402116 0.259921 0.029982 0.051587
1 0.136243 0.737434 0.030864 0.041005
1 0.155644 0.808862 0.067901 0.101852
1 0.172840 0.023810 0.044092 0.047619
1 0.026896 0.131614 0.046737 0.091270
1 0.940035 0.029101 0.049383 0.039683
1 0.761905 0.072751 0.068783 0.076720
1 0.726190 0.637566 0.043210 0.050265
1 0.810406 0.979497 0.049383 0.038360
1 0.369489 0.797619 0.035273 0.050265