3 0.692776 0.500000 0.614448 1.000000
3 0.160714 0.500000 0.321428 1.000000
2 0.219562 0.554748 0.091721 0.262216
2 0.271510 0.124685 0.041396 0.157041
2 0.287744 0.458218 0.052760 0.123904
2 0.298295 0.564113 0.028409 0.110937
2 0.285308 0.748529 0.039773 0.090767
2 0.407468 0.465422 0.040584 0.074919
2 0.439123 0.077831 0.066558 0.155662
2 0.501218 0.512967 0.088474 0.242045
2 0.401380 0.742766 0.085227 0.171449
2 0.564935 0.859466 0.064935 0.082123
2 0.519481 0.955306 0.050325 0.089387
2 0.396510 0.190239 0.041396 0.095089