3 0.189935 0.516073 0.272727 0.799366
3 0.494724 0.498928 0.288149 0.760790
3 0.795049 0.500000 0.293019 0.771506
0 0.147321 0.389632 0.051136 0.160730
0 0.238231 0.366058 0.056006 0.147872
0 0.187500 0.653230 0.147727 0.195020
0 0.450487 0.401419 0.051948 0.141443
0 0.528815 0.407848 0.051136 0.154301
0 0.485795 0.652158 0.140422 0.188590
0 0.754464 0.348913 0.049513 0.156444
0 0.835633 0.352128 0.049513 0.175732
0 0.789773 0.647872 0.146104 0.210021
4 0.498377 0.475355 0.233766 0.649351
4 0.792614 0.505358 0.257305 0.730787