3 0.466071 0.519841 0.932142 0.960317
3 0.247272 0.054894 0.494544 0.109788
3 0.733532 0.490079 0.525992 0.980158
2 0.948611 0.383598 0.102778 0.145503
2 0.838839 0.228175 0.212798 0.294974
2 0.727530 0.030423 0.105853 0.060846
2 0.515278 0.148148 0.074206 0.076720
2 0.439435 0.081349 0.112401 0.043651
2 0.259375 0.038360 0.090575 0.055556
2 0.112054 0.081349 0.182242 0.085979
2 0.462897 0.049603 0.072024 0.046296
2 0.569296 0.296958 0.169147 0.128307
2 0.384325 0.244709 0.159325 0.079365
2 0.209177 0.339947 0.145139 0.108466
2 0.192262 0.458995 0.098214 0.074074
2 0.083681 0.437169 0.110218 0.117725
2 0.293750 0.584656 0.159325 0.174603
2 0.636954 0.716931 0.284821 0.277778
2 0.973165 0.580688 0.053670 0.134921
2 0.665327 0.416667 0.105853 0.113757
2 0.707341 0.351190 0.137500 0.146825
2 0.666419 0.232143 0.184425 0.167989
2 0.080853 0.603836 0.161706 0.152116
2 0.116419 0.827381 0.116766 0.236772
2 0.047569 0.737434 0.095138 0.141534
2 0.070040 0.931878 0.111310 0.136243