3 0.510154 0.531746 0.919137 0.796296
1 0.530461 0.486772 0.352292 0.460317
0 0.805937 0.744048 0.034435 0.067460
0 0.753844 0.710317 0.029137 0.044974
0 0.747222 0.529101 0.137738 0.253968
0 0.857589 0.552910 0.042381 0.105820
0 0.270878 0.403439 0.085645 0.071429
0 0.303547 0.579365 0.037966 0.055556
0 0.280149 0.523810 0.033552 0.060847
0 0.325179 0.657407 0.037083 0.042328
0 0.358289 0.748016 0.029137 0.041005
0 0.783423 0.806878 0.038849 0.060847
0 0.658929 0.740741 0.061806 0.050265
0 0.550327 0.242063 0.058274 0.039683
0 0.341071 0.346561 0.051210 0.060847