1 0.229302 0.388167 0.393669 0.440115
1 0.878653 0.409812 0.124188 0.301587
1 0.624594 0.680014 0.250812 0.639971
3 0.245942 0.495310 0.491883 0.990620
3 0.744318 0.411255 0.478896 0.812410
3 0.856737 0.638889 0.286526 0.722222
0 0.954140 0.914141 0.062500 0.086580
0 0.898945 0.691919 0.015422 0.069264
0 0.936282 0.706349 0.021916 0.049062
0 0.831981 0.684704 0.034091 0.054834
0 0.864854 0.906926 0.034903 0.060606
0 0.269481 0.661616 0.027597 0.034632
0 0.408279 0.710678 0.038961 0.060606
0 0.465909 0.779942 0.032468 0.037518
0 0.484984 0.340548 0.025162 0.050505
0 0.121347 0.811688 0.028409 0.043290
0 0.175325 0.849928 0.037338 0.047619
0 0.163961 0.911977 0.047078 0.047619
0 0.071429 0.937229 0.050325 0.069264
0 0.781250 0.115440 0.017045 0.036075
0 0.615260 0.358586 0.034091 0.046176
0 0.567776 0.305195 0.025162 0.037518
0 0.623782 0.248918 0.038149 0.043290
0 0.823052 0.589466 0.034091 0.049062
0 0.893669 0.575036 0.032468 0.051948
0 0.948458 0.583694 0.039773 0.060606
0 0.780438 0.903319 0.041396 0.064935
0 0.764205 0.861472 0.025162 0.062049
0 0.837256 0.974387 0.026786 0.051226
0 0.835227 0.911977 0.027597 0.053391
0 0.983360 0.966450 0.026786 0.067100
0 0.982955 0.732323 0.034090 0.098124
0 0.967938 0.646465 0.028409 0.021645
0 0.927354 0.809524 0.038149 0.056277
0 0.891640 0.814574 0.033279 0.051948
0 0.827516 0.174603 0.021916 0.024531
0 0.804383 0.147908 0.014610 0.028860
0 0.661526 0.314574 0.021104 0.024531
0 0.714692 0.381674 0.025162 0.040404
0 0.748782 0.489177 0.018669 0.036075
0 0.193994 0.681818 0.024351 0.054834