0 0.781085 0.383598 0.093915 0.145503
0 0.734127 0.272487 0.039683 0.066138
0 0.805556 0.285053 0.047619 0.043651
0 0.350529 0.461640 0.084656 0.111111
0 0.307540 0.416667 0.059524 0.066138
0 0.283069 0.477513 0.052910 0.066138
0 0.771164 0.642196 0.079365 0.072751
0 0.814815 0.732804 0.063492 0.052910
0 0.845899 0.673280 0.043651 0.039683
0 0.894180 0.634921 0.066138 0.060847
0 0.898148 0.718254 0.068783 0.068783
0 0.781085 0.570767 0.030423 0.038360
0 0.839286 0.533730 0.051587 0.067460
0 0.759259 0.533730 0.097884 0.083333
0 0.611772 0.560847 0.059524 0.047619
0 0.630291 0.691138 0.064815 0.062169
0 0.927249 0.529101 0.119048 0.095238
0 0.962963 0.653439 0.047619 0.058201
0 0.985450 0.765873 0.029100 0.044974
0 0.532407 0.564153 0.051587 0.046296
0 0.175265 0.888228 0.062169 0.051587
0 0.396164 0.821429 0.067460 0.029101
0 0.371693 0.792989 0.060847 0.030423
3 0.625661 0.391534 0.748677 0.777778
3 0.253968 0.812169 0.507936 0.375661
0 0.091270 0.873677 0.039683 0.033069
0 0.460317 0.600529 0.042328 0.042328
0 0.402116 0.569444 0.063492 0.072751
0 0.377646 0.552910 0.048942 0.047619
0 0.697751 0.662698 0.051587 0.060847