3 0.601667 0.501323 0.796666 0.997354
3 0.457178 0.501984 0.910308 0.996032
1 0.500883 0.441799 0.185417 0.325397
1 0.752078 0.512566 0.173938 0.226190
0 0.334449 0.667989 0.080347 0.103175
0 0.482341 0.181878 0.031786 0.096561
0 0.545913 0.194444 0.035317 0.066138
0 0.558715 0.293651 0.048562 0.082011
0 0.622287 0.262566 0.053859 0.088624
0 0.736627 0.296958 0.060040 0.099206
0 0.887609 0.527778 0.033552 0.074074
0 0.911448 0.328704 0.040615 0.075397
0 0.942793 0.088624 0.037966 0.058201
0 0.111508 0.431217 0.070635 0.108466
0 0.111508 0.568783 0.084762 0.089947