3 0.529762 0.521825 0.543651 0.956349
3 0.171296 0.261243 0.342592 0.522486
0 0.433201 0.367063 0.120370 0.070106
0 0.342593 0.449074 0.060847 0.093915
0 0.685185 0.120370 0.129630 0.079365
0 0.511243 0.142196 0.154762 0.070106
0 0.584656 0.621693 0.095238 0.097884
0 0.500661 0.650132 0.048942 0.062169
0 0.444444 0.610450 0.068783 0.062169
0 0.333995 0.611772 0.048942 0.051587
0 0.395503 0.672619 0.092593 0.043651
0 0.445106 0.728836 0.070106 0.050265
0 0.646825 0.807540 0.068783 0.062169
0 0.755952 0.732804 0.038360 0.087302
0 0.752646 0.807540 0.026455 0.033069
0 0.744048 0.853836 0.051587 0.033069
0 0.640212 0.934524 0.079365 0.046296
0 0.604497 0.951720 0.100529 0.054233
0 0.437831 0.807540 0.039683 0.035714
0 0.744048 0.610450 0.041005 0.085979
0 0.695106 0.657407 0.022487 0.042328
0 0.587963 0.457011 0.043651 0.062169
0 0.589286 0.518519 0.017196 0.039683
0 0.644180 0.556217 0.044974 0.064815
0 0.459656 0.484788 0.141534 0.117725
0 0.707672 0.380952 0.039683 0.071429
0 0.742063 0.372354 0.047619 0.093915
0 0.649471 0.228175 0.060847 0.078042
0 0.719577 0.193783 0.052910 0.043651
0 0.570767 0.225529 0.075397 0.064815
0 0.542328 0.259921 0.087302 0.062169
0 0.616402 0.309524 0.066138 0.074074
0 0.788360 0.230159 0.034392 0.055556
0 0.728836 0.294312 0.023810 0.033069
0 0.574735 0.095238 0.136243 0.050265
0 0.734127 0.507937 0.111111 0.116402
0 0.623677 0.393519 0.101852 0.136243
0 0.565476 0.769841 0.033069 0.034392
0 0.528439 0.740079 0.038360 0.030423
0 0.541005 0.852513 0.034392 0.038360
0 0.299603 0.563492 0.025132 0.015873
0 0.296958 0.531746 0.027778 0.018519
0 0.305556 0.505952 0.029101 0.019841
0 0.488095 0.853836 0.018519 0.022487
0 0.351190 0.783730 0.078042 0.096561
0 0.307540 0.666667 0.051587 0.087302
0 0.707011 0.888228 0.093915 0.046296
0 0.633598 0.759259 0.037037 0.031746
0 0.551587 0.701720 0.037037 0.059524
0 0.374339 0.125000 0.058201 0.054233
0 0.726852 0.232143 0.064815 0.035714
0 0.691799 0.265873 0.015873 0.023810
0 0.775132 0.356481 0.026455 0.030423
0 0.754630 0.165344 0.046296 0.042328