3 0.341721 0.544378 0.634740 0.911243
3 0.516640 0.105146 0.713474 0.210292
3 0.690747 0.723149 0.279221 0.553702
3 0.769886 0.612919 0.460227 0.774162
0 0.320617 0.409555 0.100649 0.127189
0 0.292208 0.582673 0.092532 0.089032
0 0.357549 0.774162 0.111201 0.107404
0 0.120536 0.459017 0.039773 0.028264
0 0.120130 0.505653 0.040584 0.067834
0 0.534903 0.891458 0.090909 0.180891
0 0.445617 0.375638 0.061688 0.166758
0 0.382305 0.396836 0.037338 0.124362
0 0.439935 0.596098 0.063312 0.132841
0 0.368101 0.630015 0.033279 0.070660
0 0.310471 0.500707 0.025162 0.043809
0 0.204545 0.480922 0.050325 0.060768
0 0.292208 0.878033 0.121753 0.072074
0 0.236201 0.792534 0.040584 0.065008
0 0.191964 0.762150 0.039773 0.063594
0 0.391234 0.895698 0.038961 0.048049
0 0.454545 0.828571 0.048701 0.063594
0 0.484578 0.687250 0.029221 0.055115
0 0.756899 0.582673 0.062500 0.089032
0 0.793019 0.562888 0.042208 0.108817
0 0.700081 0.579140 0.047890 0.065008
0 0.670860 0.761443 0.072240 0.090445
0 0.753247 0.349493 0.053571 0.060768
0 0.450081 0.224425 0.106331 0.130015
0 0.395698 0.235730 0.031656 0.045223
0 0.312906 0.307097 0.130682 0.086206
0 0.247565 0.410261 0.082792 0.057942
0 0.510552 0.507773 0.035714 0.154040
0 0.542208 0.690076 0.047078 0.117296
0 0.607955 0.928908 0.019481 0.074900
0 0.612013 0.956466 0.053571 0.042396
0 0.725649 0.975407 0.019481 0.049186
0 0.785714 0.683010 0.017857 0.094685
0 0.325081 0.715514 0.054383 0.049462
0 0.290584 0.685130 0.037338 0.053702
0 0.886364 0.572074 0.021104 0.053702
0 0.854708 0.550875 0.016234 0.036743
0 0.744318 0.454071 0.019481 0.046636
0 0.422078 0.528264 0.024351 0.059355
0 0.398539 0.511306 0.027597 0.070660
0 0.374188 0.532504 0.016234 0.042396
0 0.356737 0.515545 0.028409 0.053702
0 0.158685 0.572780 0.012175 0.024025
0 0.132305 0.661106 0.029221 0.070660
0 0.136769 0.841996 0.023539 0.025438
0 0.263393 0.951520 0.026786 0.032504
0 0.301948 0.943040 0.024351 0.046636
0 0.197646 0.901351 0.025162 0.042396
0 0.172890 0.889339 0.022727 0.043809
0 0.227273 0.675238 0.017857 0.033917
0 0.165584 0.516958 0.017857 0.025438
0 0.168425 0.455484 0.025162 0.024025
0 0.148133 0.379171 0.034903 0.018372
0 0.757711 0.848356 0.031656 0.117296
0 0.761769 0.689370 0.028409 0.065008
0 0.747565 0.610230 0.022727 0.033917