3 0.286706 0.248677 0.319444 0.166667
3 0.209821 0.421296 0.322421 0.268519
3 0.087798 0.732143 0.173611 0.199735
3 0.120536 0.567460 0.165675 0.121693
3 0.250000 0.764550 0.214286 0.193122
3 0.312996 0.605820 0.260913 0.161376
3 0.383433 0.455026 0.195437 0.158730
3 0.446429 0.330688 0.150794 0.161376
3 0.476190 0.222884 0.166667 0.136243
3 0.492560 0.153439 0.167659 0.058201
3 0.330357 0.152778 0.134921 0.054233
3 0.662202 0.167989 0.189484 0.100529
3 0.617560 0.250661 0.207341 0.107143
3 0.591766 0.361772 0.197421 0.170635
3 0.553571 0.478836 0.206349 0.161376
3 0.518849 0.642196 0.267857 0.205026
3 0.493552 0.792989 0.288690 0.170635
1 0.880456 0.710979 0.239087 0.326720