0 0.367063 0.473545 0.041667 0.066138
0 0.279266 0.472884 0.082341 0.088624
0 0.228175 0.495370 0.051587 0.056878
0 0.169643 0.667989 0.091270 0.129630
0 0.312004 0.748016 0.074405 0.070106
0 0.383433 0.654762 0.088294 0.206349
0 0.488095 0.550265 0.039683 0.060847
0 0.544643 0.626323 0.043651 0.070106
0 0.484623 0.699074 0.058532 0.085979
0 0.525298 0.455688 0.094246 0.144180
0 0.412698 0.468915 0.019841 0.041005
0 0.449405 0.468254 0.039683 0.034392
0 0.604663 0.606481 0.032738 0.041005
0 0.548115 0.697751 0.024802 0.035714
0 0.608631 0.685185 0.042659 0.055556
0 0.286210 0.669974 0.028770 0.035714
0 0.223710 0.666005 0.032738 0.043651
3 0.831845 0.669312 0.336310 0.251323
3 0.352679 0.516534 0.705357 0.673280
4 0.336310 0.226190 0.138889 0.079365