3 0.291667 0.436508 0.428571 0.494709
3 0.587302 0.491402 0.515873 0.496032
0 0.273810 0.343254 0.099206 0.149471
0 0.146825 0.449074 0.089286 0.173280
0 0.247024 0.558862 0.053571 0.070106
0 0.293155 0.483466 0.040675 0.075397
0 0.295139 0.428571 0.026786 0.050265
0 0.471726 0.275132 0.048611 0.071429
0 0.367063 0.297619 0.027778 0.058201
0 0.370536 0.236111 0.064484 0.043651
0 0.409226 0.289021 0.074405 0.091270
0 0.397321 0.375000 0.050595 0.080688
0 0.376984 0.424603 0.045635 0.068783
0 0.403770 0.589947 0.043651 0.060847
0 0.459325 0.533069 0.073413 0.060847
0 0.459821 0.609127 0.048611 0.059524
0 0.414683 0.658069 0.103175 0.117725
0 0.503968 0.593915 0.037698 0.068783
0 0.573413 0.523810 0.037698 0.113757
0 0.612599 0.462963 0.028770 0.052910
0 0.655754 0.525794 0.031746 0.128307
0 0.783730 0.583333 0.049603 0.055556
0 0.742063 0.507937 0.113095 0.100529
0 0.737103 0.659392 0.083333 0.109788
0 0.648313 0.655423 0.068452 0.107143
0 0.590278 0.662037 0.039683 0.078042