3 0.462977 0.666667 0.885016 0.492063
3 0.531734 0.330688 0.892068 0.550265
0 0.217042 0.300926 0.174535 0.112434
0 0.328109 0.218915 0.259158 0.112434
0 0.393340 0.386243 0.223898 0.105820
0 0.812929 0.412698 0.096964 0.119048
0 0.548482 0.451720 0.163957 0.085979
0 0.654261 0.390873 0.082860 0.056878
0 0.498237 0.253307 0.035260 0.030423
0 0.520274 0.287698 0.044074 0.019841
0 0.509696 0.339286 0.058178 0.048942
0 0.594319 0.344577 0.047600 0.043651
0 0.424192 0.291667 0.056415 0.025132
0 0.346621 0.314815 0.074045 0.071429
0 0.636631 0.248677 0.139275 0.084656
0 0.830559 0.265873 0.089912 0.082011
0 0.901959 0.474868 0.144564 0.145503
0 0.173849 0.683201 0.158668 0.194444
0 0.104211 0.564815 0.121646 0.074074
0 0.287561 0.556217 0.132223 0.096561
0 0.195005 0.504630 0.084623 0.051587
0 0.099804 0.503307 0.098727 0.043651
0 0.368658 0.576720 0.079334 0.063492
0 0.396866 0.529762 0.054652 0.038360
0 0.484133 0.546296 0.052889 0.050265
0 0.444466 0.620370 0.086386 0.060847
0 0.438296 0.682540 0.056415 0.037037
0 0.671891 0.790344 0.259158 0.099206
0 0.514985 0.828704 0.139275 0.078042
0 0.675416 0.714286 0.107542 0.108466
0 0.709795 0.654101 0.091675 0.072751
0 0.668365 0.593915 0.100490 0.082011
0 0.623409 0.611111 0.105779 0.095238
0 0.554652 0.607804 0.130460 0.112434
0 0.529971 0.669974 0.059941 0.064815
0 0.782077 0.641534 0.052889 0.052910
0 0.414495 0.791667 0.040549 0.030423
0 0.309598 0.710317 0.056415 0.037037
0 0.366014 0.695767 0.059941 0.047619