2 0.412966 0.398810 0.043296 0.064815
2 0.260103 0.470899 0.087476 0.203704
2 0.306492 0.667328 0.056550 0.091270
2 0.130656 0.513228 0.044180 0.105820
2 0.135074 0.103175 0.079524 0.092593
2 0.031310 0.072751 0.062619 0.087302
2 0.219458 0.117063 0.080407 0.162698
2 0.300749 0.099206 0.060968 0.089947
2 0.394852 0.114418 0.061852 0.101852
2 0.474376 0.080688 0.104265 0.113757
2 0.523415 0.296296 0.059201 0.190476
2 0.524299 0.533069 0.057434 0.134921
2 0.409431 0.607804 0.053899 0.109788
2 0.443450 0.736111 0.038878 0.070106
2 0.442124 0.845238 0.037995 0.082011
2 0.649770 0.503968 0.052132 0.145503
2 0.727968 0.113757 0.044180 0.095238
2 0.784519 0.280423 0.106032 0.298942
2 0.885249 0.200397 0.090127 0.138889
2 0.890550 0.333333 0.028275 0.068783
2 0.885690 0.631614 0.078640 0.123016
3 0.467807 0.500661 0.935614 0.982804