3 0.576250 0.509259 0.765833 0.936508
0 0.845000 0.619709 0.106667 0.390212
0 0.664167 0.443783 0.133333 0.205026
0 0.693750 0.606481 0.125833 0.154762
0 0.631250 0.710317 0.159167 0.240741
0 0.586250 0.608466 0.110833 0.113757
0 0.543750 0.675265 0.072500 0.117725
0 0.520833 0.184524 0.090000 0.107143
0 0.659583 0.216931 0.155833 0.201058
0 0.767083 0.340608 0.105833 0.128307
0 0.792500 0.740741 0.038333 0.071429
0 0.763333 0.899471 0.101667 0.066138
0 0.459583 0.923280 0.139167 0.068783
0 0.389583 0.785053 0.059167 0.051587
0 0.365417 0.884259 0.092500 0.128307
0 0.275833 0.598545 0.045000 0.178571
0 0.260417 0.419974 0.045833 0.115079
0 0.301667 0.202381 0.073333 0.224868
2 0.362083 0.453042 0.137500 0.662698
2 0.483333 0.528439 0.226667 0.530423
2 0.656250 0.320106 0.040833 0.074074