3 0.026968 0.525132 0.001765 0.000000
3 0.145667 0.614418 0.239164 0.247354
3 0.618258 0.421958 0.743084 0.595238
3 0.274957 0.826720 0.458912 0.195767
0 0.341146 0.366402 0.081192 0.156085
0 0.470435 0.392857 0.105020 0.256614
0 0.682682 0.540344 0.095312 0.125661
0 0.512797 0.564153 0.000883 0.001323
0 0.578103 0.589947 0.103255 0.156085
0 0.349971 0.572090 0.047656 0.072751
0 0.582075 0.410714 0.038831 0.070106
0 0.176555 0.730159 0.108550 0.089947
0 0.399392 0.816799 0.141204 0.091270
0 0.672092 0.391534 0.042361 0.037037
0 0.560012 0.284392 0.063542 0.066138
0 0.464699 0.597884 0.084722 0.066138
0 0.323495 0.484127 0.105903 0.063492