3 0.424162 0.542989 0.848324 0.892857
4 0.279982 0.189815 0.501764 0.199735
0 0.388889 0.353836 0.116402 0.075397
0 0.237654 0.382937 0.196649 0.101852
0 0.168430 0.545635 0.084656 0.115079
0 0.071869 0.562169 0.046737 0.074074
0 0.121693 0.609127 0.040564 0.056878
0 0.141093 0.700397 0.112875 0.085979
0 0.123016 0.865741 0.073192 0.085979
0 0.241182 0.802249 0.143739 0.141534
0 0.340388 0.571429 0.054674 0.079365
0 0.277778 0.471561 0.054674 0.041005
0 0.480600 0.416667 0.067019 0.055556
0 0.533951 0.319444 0.099647 0.078042
0 0.612434 0.298942 0.104938 0.097884
0 0.714727 0.458333 0.048501 0.096561
0 0.735009 0.546296 0.080247 0.074074
0 0.689153 0.574074 0.039683 0.055556
0 0.720899 0.671958 0.067901 0.060847
0 0.784832 0.677249 0.035273 0.026455
0 0.803351 0.620370 0.026455 0.037037
0 0.812169 0.570767 0.037037 0.043651
0 0.437831 0.724868 0.073192 0.047619