2 0.278770 0.512566 0.154762 0.321429
2 0.138889 0.592593 0.053571 0.068783
2 0.095238 0.438492 0.140873 0.223545
2 0.046131 0.566799 0.092262 0.157407
2 0.066964 0.682540 0.044643 0.058201
2 0.151786 0.691138 0.107143 0.120370
2 0.225694 0.684524 0.048611 0.035714
2 0.305556 0.698413 0.049603 0.050265
2 0.390377 0.556878 0.034722 0.063492
2 0.350198 0.634259 0.033730 0.048942
2 0.443452 0.585317 0.172619 0.294974
2 0.604167 0.695767 0.160714 0.169312
2 0.660218 0.505291 0.052579 0.111111
2 0.679067 0.385582 0.060516 0.107143
2 0.573413 0.277116 0.210317 0.183862
2 0.424603 0.208995 0.130952 0.055556
2 0.729663 0.345238 0.169643 0.095238
2 0.779762 0.273148 0.166667 0.043651
2 0.870040 0.332672 0.087302 0.125661
2 0.876984 0.591931 0.083333 0.104497
2 0.766369 0.697090 0.137897 0.166667
2 0.948413 0.359127 0.103174 0.215608
2 0.969246 0.522487 0.055556 0.235450
2 0.886905 0.658730 0.130952 0.074074
3 0.174603 0.466931 0.349206 0.510582
3 0.431548 0.468915 0.228175 0.564815
3 0.605655 0.486772 0.223214 0.640212
3 0.743552 0.527116 0.189484 0.496032
3 0.859623 0.450397 0.131944 0.424603
3 0.917163 0.523148 0.118056 0.374339
3 0.944444 0.472884 0.101190 0.406085
0 0.414683 0.352513 0.103175 0.083333
0 0.537202 0.313492 0.062500 0.076720
0 0.581349 0.457011 0.031746 0.059524
0 0.540179 0.532407 0.030754 0.022487
0 0.451389 0.579365 0.029762 0.066138
0 0.445437 0.656085 0.021825 0.029101
0 0.419147 0.694444 0.034722 0.021164
0 0.404762 0.610450 0.017857 0.027778
0 0.375000 0.675265 0.025794 0.017196
0 0.603175 0.696429 0.041667 0.038360
0 0.586310 0.613095 0.033730 0.048942
0 0.733631 0.560847 0.046627 0.095238
0 0.764881 0.543651 0.033730 0.055556
0 0.738095 0.430556 0.015873 0.017196
0 0.723214 0.456349 0.013889 0.021164