3 0.276014 0.525132 0.465608 0.846561
3 0.723104 0.519180 0.428571 0.924603
1 0.166667 0.857804 0.328042 0.284392
0 0.296296 0.479497 0.223986 0.152116
0 0.360670 0.160714 0.088183 0.051587
0 0.318342 0.223545 0.098765 0.089947
0 0.249559 0.320106 0.109347 0.116402
0 0.468254 0.211640 0.049383 0.034392
0 0.455026 0.291005 0.044092 0.029101
0 0.394180 0.261905 0.067019 0.066138
0 0.491182 0.541667 0.052910 0.054233
0 0.309524 0.697090 0.134039 0.108466
0 0.238977 0.615741 0.123457 0.120370
0 0.408289 0.599206 0.049383 0.063492
0 0.373016 0.794974 0.155203 0.166667
0 0.429453 0.887566 0.070547 0.055556
0 0.683422 0.792328 0.126984 0.137566
0 0.730159 0.709656 0.142857 0.133598
0 0.759259 0.478836 0.222222 0.134921
0 0.716931 0.373677 0.116402 0.144180
0 0.730159 0.222884 0.160494 0.152116
0 0.648148 0.211640 0.126984 0.119048
0 0.572310 0.289021 0.081129 0.054233
0 0.815697 0.378307 0.151675 0.137566
0 0.761905 0.593254 0.125220 0.091270
0 0.624339 0.889550 0.104056 0.078042
0 0.700176 0.876984 0.047619 0.047619
0 0.543210 0.531746 0.047619 0.047619
0 0.856261 0.572090 0.038801 0.059524