3 0.505952 0.507275 0.948413 0.982804
0 0.575397 0.453704 0.190476 0.161376
0 0.520503 0.289021 0.194444 0.099206
0 0.402116 0.431217 0.095238 0.087302
0 0.285714 0.457672 0.142857 0.105820
0 0.244048 0.574074 0.083333 0.129630
0 0.370370 0.609788 0.116402 0.111111
0 0.483466 0.754630 0.123016 0.104497
0 0.601190 0.742063 0.043651 0.042328
0 0.677249 0.720238 0.037037 0.101852
0 0.799603 0.790344 0.051587 0.067460
0 0.388228 0.839286 0.123016 0.075397
0 0.298942 0.733466 0.071429 0.054233
0 0.219577 0.714286 0.121693 0.111111
0 0.135582 0.714947 0.112434 0.120370
0 0.677910 0.100529 0.138889 0.052910
0 0.831349 0.237434 0.051587 0.080688
0 0.335979 0.233466 0.076720 0.093915
0 0.161376 0.488757 0.044974 0.101852
0 0.672619 0.483466 0.085979 0.160053
0 0.734127 0.486772 0.082011 0.097884
0 0.725529 0.383598 0.125661 0.105820
0 0.592593 0.590608 0.074074 0.125661
0 0.780423 0.697751 0.044974 0.078042
0 0.417989 0.159392 0.145503 0.046296
0 0.599206 0.201720 0.354497 0.096561
0 0.216931 0.233466 0.105820 0.072751
0 0.192460 0.350529 0.130952 0.076720
0 0.303571 0.666005 0.138889 0.085979
0 0.160714 0.872354 0.123016 0.048942
0 0.899471 0.837302 0.037037 0.039683
1 0.312831 0.208333 0.625661 0.416666