1 0.421843 0.229469 0.046584 0.020704
1 0.492150 0.235507 0.038820 0.015528
1 0.525794 0.228318 0.014665 0.016103
1 0.539596 0.231194 0.012940 0.010352
1 0.576691 0.266276 0.035369 0.036807
1 0.503796 0.261387 0.025880 0.013228
1 0.585317 0.230906 0.016391 0.012077
1 0.653037 0.267426 0.025880 0.016103
1 0.400276 0.245859 0.060386 0.032781
1 0.410197 0.317173 0.071601 0.039683
1 0.429607 0.291868 0.015528 0.012077
1 0.448585 0.294456 0.018979 0.014953
1 0.493875 0.307683 0.038820 0.035657
1 0.518461 0.296181 0.025880 0.024155
1 0.465839 0.321486 0.037957 0.029906
1 0.568064 0.331263 0.049172 0.035657
1 0.596963 0.322924 0.027605 0.028180
1 0.711698 0.371233 0.020704 0.021279
1 0.754831 0.384173 0.060386 0.066713
1 0.282954 0.369795 0.058661 0.040258
1 0.287698 0.421843 0.083678 0.027030
1 0.431332 0.409765 0.086266 0.025880
1 0.465839 0.381585 0.055210 0.029331
1 0.643979 0.396250 0.102657 0.027605
1 0.757419 0.452323 0.067288 0.046584
1 0.622843 0.457499 0.058661 0.027030
1 0.298482 0.473602 0.105245 0.038532
1 0.336439 0.526800 0.131125 0.066713
1 0.457643 0.535714 0.028468 0.017828
1 0.515010 0.536865 0.024155 0.021279
1 0.690994 0.541178 0.096618 0.069013
1 0.766477 0.564757 0.030193 0.040258
1 0.571946 0.460087 0.039683 0.016103
1 0.397688 0.470439 0.034507 0.011502
1 0.413216 0.484817 0.032781 0.013803
1 0.470583 0.439671 0.033644 0.008627
1 0.440821 0.467276 0.010352 0.012077
1 0.485680 0.469864 0.020704 0.017253
1 0.485248 0.568783 0.047447 0.014953
1 0.441253 0.572521 0.023292 0.007476
1 0.442547 0.552680 0.022429 0.010352
1 0.266994 0.573384 0.035369 0.029906
1 0.234645 0.562169 0.022429 0.021279
1 0.217823 0.508397 0.030193 0.016103
1 0.293306 0.565620 0.025880 0.029331
1 0.568064 0.396538 0.014665 0.007476
1 0.571084 0.382448 0.008627 0.008052
1 0.658213 0.339314 0.018979 0.011502
1 0.716442 0.335001 0.023292 0.009777
1 0.715148 0.352542 0.020704 0.008052
1 0.350242 0.316885 0.013803 0.009202
1 0.276484 0.345066 0.014665 0.009202
1 0.386905 0.343628 0.014665 0.007476
1 0.326518 0.344490 0.018116 0.009202
1 0.632764 0.240108 0.023292 0.015528
1 0.483523 0.244134 0.043996 0.010927
1 0.624137 0.285829 0.035369 0.013803
1 0.716874 0.304808 0.020704 0.017253
1 0.567633 0.220842 0.020704 0.008052
1 0.513285 0.219117 0.018979 0.004601
1 0.623275 0.260524 0.019841 0.008052
1 0.322205 0.275765 0.023292 0.008627
1 0.301070 0.268288 0.024155 0.004026
1 0.332557 0.251035 0.011215 0.006326
1 0.344634 0.240971 0.011215 0.005751
1 0.336870 0.263688 0.011215 0.005176
1 0.282091 0.316885 0.022429 0.014953
1 0.339027 0.339027 0.015528 0.009777
1 0.394237 0.290143 0.020704 0.006326
1 0.668996 0.369220 0.025017 0.009202
1 0.513716 0.396250 0.050897 0.023004
1 0.348085 0.388774 0.057798 0.023004
1 0.335576 0.407177 0.025880 0.009202
1 0.232057 0.460950 0.039683 0.033931
1 0.681073 0.438233 0.088854 0.035657
1 0.609041 0.427306 0.036232 0.013803
1 0.674172 0.470152 0.014665 0.008627
1 0.714286 0.496894 0.025880 0.013803
1 0.543478 0.523062 0.012077 0.009777
1 0.576691 0.558431 0.019841 0.012652
1 0.529244 0.560732 0.018116 0.008052
1 0.557712 0.573384 0.019841 0.012652
1 0.629745 0.570221 0.012077 0.014378
1 0.777260 0.527375 0.013803 0.017253
1 0.445566 0.506096 0.012940 0.009202
1 0.461957 0.521337 0.009489 0.008627
1 0.508540 0.499770 0.009489 0.005751
1 0.516304 0.490856 0.009489 0.009777
1 0.531832 0.476478 0.014665 0.006326
1 0.547792 0.478203 0.012077 0.010927
1 0.503796 0.519899 0.015528 0.009202
1 0.486111 0.547792 0.009489 0.013228
1 0.576259 0.537440 0.008627 0.004026
1 0.307108 0.321486 0.005176 0.008052
1 0.323930 0.303083 0.025017 0.005751
6 0.481366 0.749942 0.117322 0.182885
6 0.294600 0.762882 0.119910 0.140902
6 0.832039 0.695595 0.068150 0.180009
6 0.716011 0.741603 0.163906 0.146653
6 0.403727 0.661951 0.112146 0.078215
6 0.292443 0.630032 0.203589 0.097193
6 0.692719 0.619968 0.163906 0.070163
6 0.679779 0.682080 0.046584 0.089717
6 0.577553 0.863814 0.137164 0.035657
6 0.367926 0.834196 0.156142 0.094893