3 0.489448 0.521726 0.534091 0.888164
1 0.239448 0.590096 0.469156 0.819808
0 0.647321 0.335750 0.062500 0.175547
0 0.593344 0.483488 0.058442 0.158166
0 0.610390 0.659904 0.037338 0.069524
0 0.643669 0.570393 0.035714 0.133833
0 0.742695 0.771142 0.055195 0.090381
0 0.431006 0.722476 0.048701 0.045190
0 0.411120 0.295774 0.047890 0.071262
0 0.452516 0.133263 0.041396 0.027809
0 0.341315 0.259274 0.080357 0.112976
0 0.295860 0.339227 0.030032 0.067786
0 0.420049 0.475667 0.043019 0.066047
0 0.397321 0.598202 0.046266 0.130357
0 0.519886 0.706833 0.033279 0.052143
0 0.550325 0.729428 0.027597 0.038238
2 0.506899 0.514774 0.435877 0.731736
0 0.484984 0.550405 0.031656 0.038238
0 0.529221 0.831975 0.029221 0.031286
0 0.687500 0.857178 0.011364 0.033024
0 0.713880 0.912797 0.030032 0.053881
0 0.656656 0.877166 0.030844 0.041714
0 0.663961 0.717261 0.024351 0.031286
0 0.670455 0.672071 0.025974 0.031286
0 0.644075 0.798083 0.025162 0.029548
0 0.592938 0.731166 0.023539 0.038238
0 0.571834 0.751154 0.013799 0.029548
0 0.555601 0.553012 0.023539 0.046928
0 0.459821 0.652952 0.052760 0.086905
0 0.400568 0.692059 0.020292 0.026071
0 0.331575 0.608631 0.020292 0.046928
0 0.357955 0.688583 0.017857 0.036500
0 0.313718 0.825892 0.018669 0.036500
0 0.340503 0.818940 0.026786 0.022595
0 0.505682 0.294036 0.024351 0.033024
0 0.635552 0.184537 0.017857 0.022595
0 0.395698 0.415703 0.015422 0.026071
0 0.488636 0.839797 0.014610 0.022595
0 0.711039 0.251453 0.022727 0.083428
0 0.746347 0.335750 0.013799 0.036500
0 0.735390 0.558226 0.011364 0.067786
0 0.256088 0.880642 0.023539 0.055619
0 0.335227 0.891070 0.051948 0.041714
0 0.435471 0.767666 0.018669 0.034762