1 0.509533 0.324735 0.326668 0.358466
1 0.381789 0.373677 0.104229 0.165344
1 0.424371 0.582672 0.163969 0.123016
1 0.099609 0.527116 0.033048 0.027778
1 0.294085 0.273148 0.035590 0.080688
1 0.261037 0.344577 0.025422 0.064815
1 0.601051 0.619048 0.026693 0.047619
1 0.269934 0.576058 0.053385 0.072751
1 0.153630 0.614418 0.024151 0.022487
1 0.166977 0.485450 0.035590 0.026455
1 0.701466 0.227513 0.026693 0.034392
1 0.480934 0.722222 0.012711 0.026455
1 0.323320 0.669312 0.015253 0.015873
1 0.326497 0.612434 0.019066 0.023810
1 0.590882 0.687831 0.013982 0.023810
1 0.557834 0.720899 0.011440 0.015873
1 0.553385 0.765212 0.010169 0.022487
1 0.571816 0.800265 0.011440 0.023810
1 0.752310 0.357143 0.021608 0.021164
1 0.431997 0.726852 0.019066 0.019841
1 0.422464 0.712963 0.022879 0.021164
1 0.431997 0.671958 0.026693 0.018519
1 0.474578 0.771825 0.020337 0.022487
1 0.323955 0.742063 0.024151 0.021164
1 0.375434 0.764550 0.012711 0.010582
1 0.151088 0.556217 0.021608 0.017196
1 0.147275 0.522487 0.024151 0.021164
1 0.104694 0.567460 0.030506 0.026455
1 0.338573 0.104497 0.020337 0.021164
1 0.331582 0.142196 0.013982 0.022487
1 0.329675 0.235450 0.012711 0.031746
1 0.712271 0.169974 0.012711 0.019841
1 0.746590 0.189815 0.010169 0.011905
1 0.683671 0.451058 0.019066 0.018519
1 0.290272 0.651455 0.012711 0.014550
1 0.144097 0.652778 0.017795 0.019841
1 0.760572 0.243386 0.005084 0.007937
1 0.414838 0.378968 0.030506 0.041005