1 0.515016 0.580357 0.135552 0.323052
0 0.806818 0.650974 0.193182 0.350649
0 0.184659 0.723214 0.094968 0.241883
0 0.394075 0.125000 0.112825 0.204545
0 0.336445 0.438312 0.112825 0.217532
0 0.650162 0.374188 0.068182 0.095779
0 0.612419 0.218344 0.090097 0.105519
0 0.845779 0.297890 0.048701 0.137987
0 0.873377 0.370130 0.051948 0.100649
0 0.955357 0.440747 0.089286 0.173701
0 0.962256 0.562500 0.044643 0.147727
0 0.568994 0.875000 0.060065 0.120130
0 0.783685 0.948864 0.169643 0.102272
0 0.421266 0.857143 0.108766 0.285714
3 0.504058 0.500000 0.991883 1.000000