3 0.192727 0.419974 0.385453 0.789683
3 0.351089 0.235450 0.468761 0.470899
3 0.574896 0.677249 0.592119 0.645502
0 0.411446 0.616402 0.069609 0.113757
0 0.443167 0.794974 0.166534 0.116402
0 0.555952 0.730159 0.087232 0.076720
0 0.518063 0.646825 0.050224 0.029101
0 0.684597 0.577381 0.064322 0.078042
0 0.329501 0.688492 0.044938 0.059524
0 0.588554 0.896825 0.036126 0.076720
0 0.591638 0.849206 0.038770 0.042328
0 0.643624 0.925926 0.068728 0.095238
0 0.676667 0.739418 0.046700 0.050265
0 0.647149 0.824074 0.054630 0.074074
0 0.635694 0.702381 0.068728 0.105820
0 0.720723 0.850529 0.059036 0.089947
0 0.740989 0.750000 0.050224 0.068783
0 0.733499 0.615079 0.061679 0.082011
0 0.756849 0.554894 0.048462 0.070106
0 0.716758 0.524471 0.070490 0.062169
0 0.601771 0.558862 0.094281 0.059524
0 0.650673 0.475529 0.052868 0.062169
0 0.691646 0.455688 0.046700 0.054233
0 0.776675 0.442460 0.070490 0.054233
0 0.779759 0.662037 0.094281 0.149471
0 0.474007 0.671958 0.027315 0.034392
0 0.092037 0.519841 0.031721 0.055556
0 0.137856 0.351190 0.035245 0.043651
0 0.025312 0.490741 0.050624 0.158730
0 0.210108 0.232804 0.024672 0.060847
0 0.173982 0.413360 0.059917 0.165344