0 0.492544 0.593915 0.056665 0.058201
0 0.568595 0.553571 0.067601 0.056878
0 0.708270 0.541667 0.056665 0.062169
0 0.440352 0.644180 0.033800 0.050265
0 0.357342 0.672619 0.026842 0.035714
0 0.306145 0.650132 0.015906 0.025132
0 0.322548 0.720238 0.032806 0.051587
0 0.250970 0.583333 0.032806 0.039683
0 0.296203 0.560185 0.029824 0.038360
0 0.222638 0.530423 0.041753 0.042328
0 0.237550 0.477513 0.035789 0.021164
0 0.387166 0.495370 0.026842 0.017196
0 0.599413 0.362434 0.031812 0.042328
0 0.553186 0.326058 0.034795 0.041005
0 0.605378 0.304894 0.039765 0.046296
0 0.801221 0.579365 0.031812 0.052910
0 0.794760 0.528439 0.038771 0.033069
0 0.544736 0.698413 0.053683 0.029101
0 0.763942 0.739418 0.028830 0.021164
0 0.726662 0.746032 0.021871 0.023810
0 0.814642 0.833995 0.014912 0.014550
3 0.565116 0.615741 0.669050 0.318783
3 0.680932 0.771164 0.409582 0.208995
3 0.261409 0.554233 0.347946 0.240741
3 0.488070 0.314815 0.624314 0.214286
3 0.709264 0.228836 0.563672 0.457672