3 0.272576 0.529762 0.447797 0.644180
3 0.729187 0.552910 0.493634 0.645503
1 0.164152 0.870370 0.319099 0.259259
0 0.339569 0.730820 0.176298 0.104497
0 0.253183 0.468915 0.102253 0.099206
0 0.249657 0.391534 0.169246 0.087302
0 0.366895 0.398810 0.135749 0.078042
0 0.373065 0.441138 0.098727 0.096561
0 0.287561 0.264550 0.065230 0.034392
0 0.374828 0.288360 0.059941 0.050265
0 0.454163 0.339947 0.056415 0.037037
0 0.380999 0.349868 0.072282 0.056878
0 0.081292 0.434524 0.033497 0.041005
0 0.146523 0.583995 0.068756 0.096561
0 0.183545 0.636243 0.061704 0.079365
0 0.221449 0.781085 0.066993 0.051587
0 0.365132 0.613757 0.107542 0.121693
0 0.366895 0.532407 0.054652 0.070106
0 0.557297 0.656746 0.121646 0.117725
0 0.669246 0.405423 0.208032 0.072751
0 0.681587 0.312831 0.052889 0.041005
0 0.573164 0.333995 0.047600 0.033069
0 0.641038 0.359788 0.059941 0.058201
0 0.591675 0.294974 0.038786 0.018519
0 0.667483 0.270503 0.042312 0.025132
0 0.734476 0.298942 0.063467 0.037037
0 0.804114 0.365741 0.040549 0.022487
0 0.823507 0.443783 0.082860 0.056878
0 0.730069 0.508598 0.093438 0.117725
0 0.819099 0.527116 0.074045 0.115079
0 0.833203 0.614418 0.035260 0.067460
0 0.797944 0.730159 0.049363 0.052910
0 0.720372 0.732143 0.105779 0.107143
0 0.663076 0.755952 0.072282 0.043651
0 0.679824 0.808201 0.081097 0.052910
0 0.567875 0.765212 0.135749 0.091270
0 0.584623 0.472884 0.052889 0.078042
0 0.594319 0.535714 0.019393 0.044974
0 0.623409 0.568122 0.021156 0.033069
0 0.641920 0.509259 0.033497 0.047619
0 0.661313 0.588624 0.040549 0.066138
0 0.956612 0.500000 0.042312 0.039683
0 0.563467 0.410053 0.052889 0.026455
0 0.262879 0.543651 0.029971 0.055556
0 0.211753 0.579365 0.061704 0.039683
0 0.463859 0.601852 0.029971 0.037037
0 0.399510 0.636243 0.052889 0.050265
0 0.279628 0.659392 0.056415 0.041005
0 0.234672 0.726852 0.040549 0.038360
0 0.154456 0.710317 0.063467 0.044974
0 0.147404 0.506614 0.059941 0.044974
0 0.442703 0.408069 0.040549 0.041005
0 0.263761 0.314153 0.098727 0.038360
0 0.730069 0.606481 0.058178 0.056878
0 0.795299 0.636905 0.093438 0.096561