6 0.354497 0.621032 0.248677 0.284392
6 0.559524 0.777778 0.092593 0.042328
6 0.518519 0.593254 0.047619 0.030423
6 0.182540 0.672619 0.074074 0.041005
6 0.051587 0.646164 0.097884 0.075397
6 0.750661 0.660714 0.064815 0.123016
6 0.085317 0.782407 0.170634 0.162698
6 0.119709 0.676587 0.096561 0.109788
6 0.130952 0.556217 0.105820 0.146825
6 0.208333 0.597884 0.078042 0.052910
6 0.107804 0.402116 0.043651 0.140212
6 0.157407 0.321429 0.063492 0.148148
6 0.218915 0.292328 0.096561 0.119048
6 0.263889 0.266534 0.038360 0.022487
6 0.305556 0.408730 0.055556 0.044974
6 0.371693 0.451720 0.050265 0.054233
6 0.439153 0.406746 0.076720 0.056878
6 0.400794 0.341270 0.074074 0.066138
6 0.389550 0.279762 0.083333 0.062169
6 0.325397 0.338624 0.047619 0.082011
6 0.400794 0.204365 0.076720 0.072751
6 0.248016 0.179894 0.093915 0.129630
6 0.167328 0.176587 0.048942 0.062169
6 0.169312 0.121693 0.042328 0.037037
6 0.238757 0.097222 0.101852 0.064815
6 0.392857 0.114418 0.126984 0.093915
6 0.314815 0.162037 0.026455 0.064815
6 0.541667 0.142196 0.075397 0.183862
6 0.570106 0.179894 0.097884 0.082011
6 0.492063 0.175265 0.044974 0.048942
6 0.705688 0.153439 0.112434 0.142857
6 0.759921 0.197090 0.062169 0.044974
6 0.729497 0.086640 0.088624 0.062169
6 0.685185 0.308862 0.063492 0.088624
6 0.769841 0.349868 0.068783 0.051587
6 0.810185 0.429233 0.033069 0.056878
6 0.854497 0.437831 0.060847 0.068783
6 0.527116 0.431878 0.046296 0.064815
6 0.642196 0.459656 0.059524 0.072751
6 0.638889 0.722222 0.116402 0.277778
6 0.610450 0.554233 0.152116 0.164021
6 0.772487 0.485450 0.058201 0.060847
6 0.739418 0.534392 0.087302 0.068783
6 0.874339 0.644841 0.148148 0.093915
6 0.862434 0.701058 0.013228 0.066138
6 0.896164 0.783069 0.181217 0.100529
6 0.861111 0.536376 0.119048 0.088624
6 0.783069 0.280423 0.105820 0.084656
6 0.828042 0.376984 0.068783 0.119048
6 0.589947 0.380952 0.185185 0.058201
6 0.561508 0.290344 0.154762 0.096561