6 0.449074 0.603175 0.091270 0.126984
6 0.385582 0.748016 0.173280 0.181217
6 0.464947 0.873677 0.205026 0.146825
6 0.529762 0.804894 0.146825 0.093915
6 0.387566 0.435185 0.066138 0.087302
6 0.285714 0.576720 0.161376 0.156085
6 0.219577 0.414683 0.116402 0.064815
6 0.262566 0.435185 0.136243 0.119048
6 0.448413 0.125661 0.084656 0.164021
6 0.546958 0.207672 0.146825 0.219577
6 0.445767 0.330026 0.116402 0.152116
6 0.599868 0.358466 0.205026 0.243386
6 0.720899 0.605820 0.113757 0.126984
6 0.832011 0.585317 0.259259 0.218254
6 0.900132 0.400132 0.072751 0.194444
4 0.353175 0.164683 0.100529 0.165344
4 0.453042 0.211640 0.099206 0.156085
4 0.222884 0.355159 0.059524 0.064815
4 0.232804 0.591931 0.095238 0.070106
4 0.828704 0.427249 0.220899 0.158730
4 0.655423 0.505952 0.199735 0.165344
4 0.577381 0.286376 0.141534 0.173280