1 0.206055 0.359788 0.108172 0.060847
1 0.237801 0.322751 0.068195 0.037037
1 0.167255 0.460317 0.063492 0.082011
1 0.402410 0.396164 0.298648 0.125661
1 0.489418 0.441799 0.058789 0.039683
1 0.517637 0.410053 0.058789 0.026455
1 0.568195 0.338624 0.047031 0.029101
1 0.229571 0.509921 0.028219 0.035714
1 0.088477 0.549603 0.042328 0.035714
1 0.471781 0.530423 0.094062 0.029101
1 0.400059 0.521164 0.035273 0.026455
1 0.164903 0.587963 0.025867 0.011905
1 0.104938 0.483466 0.032922 0.035714
1 0.096708 0.402116 0.030570 0.023810
1 0.044974 0.324074 0.021164 0.015873